 RSPT2 GRADIENT FOR STATE 1.1

 Atom          dE/dx               dE/dy               dE/dz

   1         0.000000020        -0.004825083        -0.010975976
   2        -0.000000077         0.000707612         0.006302022
   3        -0.000000050         0.005501439         0.004848446
   4         0.000000101        -0.007660033         0.000816314
   5        -0.000000013        -0.002613851        -0.003102521
   6         0.000000018         0.008889915         0.002111715
--
 RSPT2 GRADIENT FOR STATE 1.1

 Atom          dE/dx               dE/dy               dE/dz

   1         0.000000100        -0.003254968        -0.007122939
   2        -0.000000060         0.000292283         0.005088254
   3        -0.000000000         0.003927935         0.003141552
   4         0.000000019        -0.005204248         0.000761027
   5        -0.000000008        -0.002451985        -0.003259906
   6        -0.000000052         0.006690984         0.001392012
--
 RSPT2 GRADIENT FOR STATE 1.1

 Atom          dE/dx               dE/dy               dE/dz

   1        -0.000002262        -0.021871027        -0.060820986
   2        -0.000000850        -0.012529725         0.034240573
   3        -0.000004964         0.039672483         0.034634780
   4         0.000005751        -0.055603643         0.010257535
   5        -0.000000174        -0.002590679        -0.002949918
   6         0.000002499         0.052922592        -0.015361985
--
 RSPT2 GRADIENT FOR STATE 1.1

 Atom          dE/dx               dE/dy               dE/dz

   1        -0.000002711        -0.002725453         0.005724795
   2        -0.000000028         0.002822386        -0.000514571
   3        -0.000000379        -0.000873384        -0.005725587
   4         0.000001198         0.004807809        -0.002284129
   5        -0.000000030        -0.002716100        -0.003044100
   6         0.000001950        -0.001315259         0.005843592
--
 RSPT2 GRADIENT FOR STATE 1.1

 Atom          dE/dx               dE/dy               dE/dz

   1         0.000018740        -0.002502138        -0.009117398
   2         0.000000135        -0.005258063         0.009088884
   3         0.000004965         0.008094027         0.005479062
   4        -0.000009863        -0.010363891         0.001434148
   5         0.000000341        -0.002677454        -0.003105273
   6        -0.000014318         0.012707519        -0.003779423
--
 RSPT2 GRADIENT FOR STATE 1.1

 Atom          dE/dx               dE/dy               dE/dz

   1        -0.000059156         0.005690774         0.011642132
   2         0.000001086         0.000687804        -0.004503178
   3        -0.000006672        -0.004871647        -0.006498458
   4         0.000024547         0.009245858        -0.001416250
   5        -0.000000871        -0.002553519        -0.003270770
   6         0.000041066        -0.008199269         0.004046524
--
 RSPT2 GRADIENT FOR STATE 1.1

 Atom          dE/dx               dE/dy               dE/dz

   1         0.000084901         0.002358308         0.001718956
   2         0.000001308        -0.000724361         0.000782312
   3         0.000013730         0.000821775         0.000923955
   4        -0.000038808        -0.001120438         0.000354095
   5         0.000000706        -0.002562126        -0.003229343
   6        -0.000061837         0.001226842        -0.000549975
--
 RSPT2 GRADIENT FOR STATE 1.1

 Atom          dE/dx               dE/dy               dE/dz

   1        -0.000007959         0.001902163         0.000932805
   2        -0.000000081        -0.000578190         0.001183822
   3        -0.000000988         0.001359428         0.001665218
   4         0.000003282        -0.002233405         0.000454004
   5         0.000000092        -0.002562235        -0.003225065
   6         0.000005654         0.002112239        -0.001010783
--
 RSPT2 GRADIENT FOR STATE 1.1

 Atom          dE/dx               dE/dy               dE/dz

   1        -0.000001357         0.002572491         0.003273139
   2         0.000000047         0.000015760        -0.000094884
   3        -0.000000331         0.000018074         0.000036674
   4         0.000000685        -0.000023958         0.000015058
   5        -0.000000100        -0.002560018        -0.003233884
   6         0.000001056        -0.000022348         0.000003898
--
 RSPT2 GRADIENT FOR STATE 1.1

 Atom          dE/dx               dE/dy               dE/dz

   1         0.000000810         0.002608487         0.003398000
   2         0.000000070         0.000036252        -0.000116468
   3         0.000000155        -0.000079655        -0.000094693
   4        -0.000000444         0.000139262        -0.000020525
   5         0.000000052        -0.002559865        -0.003234463
   6        -0.000000643        -0.000144481         0.000068150
--
 RSPT2 GRADIENT FOR STATE 1.1

 Atom          dE/dx               dE/dy               dE/dz

   1        -0.000001404         0.008509914         0.006339655
   2         0.000000079        -0.000142879         0.001125116
   3        -0.000000048        -0.005961107        -0.007230937
   4         0.000000434         0.009628193        -0.001595685
   5        -0.000000050        -0.002509524        -0.003201411
   6         0.000000989        -0.009524596         0.004563261
--
 RSPT2 GRADIENT FOR STATE 1.1

 Atom          dE/dx               dE/dy               dE/dz

   1         0.000001773         0.005053605         0.004264491
   2         0.000000028        -0.000256738         0.000455553
   3         0.000000241        -0.002029972        -0.002592109
   4        -0.000000797         0.003183994        -0.000469839
   5         0.000000028        -0.002684600        -0.003037617
   6        -0.000001273        -0.003266289         0.001379521
--
 RSPT2 GRADIENT FOR STATE 1.1

 Atom          dE/dx               dE/dy               dE/dz

   1        -0.000003044         0.061712436         0.038293962
   2         0.000008220        -0.004566619         0.019855017
   3         0.000061389        -0.061296786        -0.084902143
   4        -0.000051577         0.107740456        -0.013998898
   5        -0.000001147        -0.002560415        -0.003344366
   6        -0.000013841        -0.101029072         0.044096428
--
 RSPT2 GRADIENT FOR STATE 1.1

 Atom          dE/dx               dE/dy               dE/dz

   1        -0.000000993         0.027896105        -0.007396361
   2         0.000000197        -0.009593154         0.024089057
   3        -0.000000242        -0.017146713        -0.021463134
   4         0.000000631         0.027949535        -0.004391113
   5         0.000000007        -0.002583332        -0.003181860
   6         0.000000399        -0.026522441         0.012343412
--
 RSPT2 GRADIENT FOR STATE 1.1

 Atom          dE/dx               dE/dy               dE/dz

   1        -0.000005457         0.004262918         0.003376662
   2         0.000000098        -0.000402073         0.000734916
   3        -0.000000851        -0.001182311        -0.001487858
   4         0.000002397         0.001935573        -0.000312047
   5         0.000000023        -0.002565347        -0.003140014
   6         0.000003791        -0.002048762         0.000828342
--
 RSPT2 GRADIENT FOR STATE 1.1

 Atom          dE/dx               dE/dy               dE/dz

   1         0.000022721         0.002115658         0.003143590
   2        -0.000000038         0.000084197        -0.000352308
   3         0.000003611         0.000453249         0.000581131
   4        -0.000010065        -0.000733286         0.000120664
   5         0.000000089        -0.002563919        -0.003132088
   6        -0.000016318         0.000644101        -0.000360989
--
 RSPT2 GRADIENT FOR STATE 1.1

 Atom          dE/dx               dE/dy               dE/dz

   1        -0.000003401         0.001407294         0.003051438
   2         0.000000035         0.000265548        -0.000683854
   3        -0.000000604         0.000953369         0.001214745
   4         0.000001538        -0.001557259         0.000254049
   5        -0.000000040        -0.002562103        -0.003130383
   6         0.000002472         0.001493150        -0.000705995
--
 RSPT2 GRADIENT FOR STATE 1.1

 Atom          dE/dx               dE/dy               dE/dz

   1         0.000000540         0.002342391         0.003152701
   2         0.000000024         0.000072696        -0.000151962
   3         0.000000097         0.000159412         0.000216081
   4        -0.000000271        -0.000271114         0.000041906
   5         0.000000018        -0.002561178        -0.003135010
   6        -0.000000408         0.000257792        -0.000123716
--
 RSPT2 GRADIENT FOR STATE 1.1

 Atom          dE/dx               dE/dy               dE/dz

   1         0.000385984         0.002658523         0.003127461
   2        -0.000243684        -0.000024813         0.000079436
   3         0.000125548        -0.000082066        -0.000102282
   4        -0.000044482         0.000129225        -0.000023351
   5        -0.000008161        -0.002561128        -0.003136227
   6        -0.000215205        -0.000119742         0.000054963
--
 RSPT2 GRADIENT FOR STATE 1.1

 Atom          dE/dx               dE/dy               dE/dz

   1        -0.000387922         0.002658487         0.003127522
   2         0.000243748        -0.000024818         0.000079408
   3        -0.000125939        -0.000082067        -0.000102296
   4         0.000045383         0.000129228        -0.000023346
   5         0.000008085        -0.002561129        -0.003136228
   6         0.000216645        -0.000119702         0.000054940
--
 RSPT2 GRADIENT FOR STATE 1.1

 Atom          dE/dx               dE/dy               dE/dz

   1        -0.000000951         0.007329478        -0.000108791
   2         0.000000034        -0.001516263         0.002012969
   3        -0.000000193         0.000005075        -0.000253907
   4         0.000000449         0.000066045         0.000257806
   5        -0.000000038        -0.002550823        -0.003108509
   6         0.000000698        -0.003333514         0.001200431
--
 RSPT2 GRADIENT FOR STATE 1.1

 Atom          dE/dx               dE/dy               dE/dz

   1        -0.000000987        -0.001913459         0.006334593
   2         0.000000030         0.001460003        -0.001882949
   3        -0.000000197        -0.000167912         0.000049776
   4         0.000000452         0.000193473        -0.000304583
   5        -0.000000039        -0.002571365        -0.003164104
   6         0.000000742         0.002999260        -0.001032734
--
 RSPT2 GRADIENT FOR STATE 1.1

 Atom          dE/dx               dE/dy               dE/dz

   1        -0.000001000        -0.000590858         0.009406748
   2         0.000000049         0.001600827        -0.004982195
   3        -0.000000196         0.000030274        -0.000378391
   4         0.000000450         0.000166222        -0.000083206
   5        -0.000000038        -0.002534055        -0.003110186
   6         0.000000735         0.001327590        -0.000852770
--
 RSPT2 GRADIENT FOR STATE 1.1

 Atom          dE/dx               dE/dy               dE/dz

   1        -0.000000939         0.005852778        -0.002990672
   2         0.000000015        -0.001573130         0.004988750
   3        -0.000000194        -0.000194460         0.000168853
   4         0.000000451         0.000093408         0.000035285
   5        -0.000000039        -0.002588630        -0.003162546
   6         0.000000705        -0.001589967         0.000960330
--
 RSPT2 GRADIENT FOR STATE 1.1

 Atom          dE/dx               dE/dy               dE/dz

   1        -0.000244667         0.002666111         0.003125678
   2         0.000796211        -0.000022159         0.000071224
   3        -0.000277740        -0.000078449        -0.000097240
   4        -0.000277730         0.000122749        -0.000021443
   5        -0.000000160        -0.002561184        -0.003136272
   6         0.000004087        -0.000127067         0.000058054
--
 RSPT2 GRADIENT FOR STATE 1.1

 Atom          dE/dx               dE/dy               dE/dz

   1         0.000242729         0.002666107         0.003125645
   2        -0.000796147        -0.000021956         0.000071328
   3         0.000277349        -0.000078529        -0.000097335
   4         0.000278632         0.000122628        -0.000021425
   5         0.000000084        -0.002561184        -0.003136272
   6        -0.000002647        -0.000127066         0.000058060
--
 RSPT2 GRADIENT FOR STATE 1.1

 Atom          dE/dx               dE/dy               dE/dz

   1        -0.000000967         0.001181410         0.004721822
   2        -0.000000069         0.006388271        -0.000853125
   3        -0.000000153        -0.001668489        -0.001544207
   4         0.000000508        -0.003249840         0.000457974
   5        -0.000000038        -0.002554213        -0.003130356
   6         0.000000719        -0.000097139         0.000347892
--
 RSPT2 GRADIENT FOR STATE 1.1

 Atom          dE/dx               dE/dy               dE/dz

   1        -0.000000972         0.004157679         0.001548781
   2         0.000000135        -0.006550904         0.001045476
   3        -0.000000236         0.001498289         0.001305623
   4         0.000000390         0.003619121        -0.000527824
   5        -0.000000038        -0.002568082        -0.003142073
   6         0.000000722        -0.000156103        -0.000229983
--
 RSPT2 GRADIENT FOR STATE 1.1

 Atom          dE/dx               dE/dy               dE/dz

   1        -0.000000956         0.004573930        -0.001786859
   2        -0.000000021        -0.000904398         0.007819747
   3        -0.000000144        -0.001474775        -0.002378776
   4         0.000000443         0.000591737        -0.000576543
   5        -0.000000038        -0.002558192        -0.003137184
   6         0.000000716        -0.000228302         0.000059615
--
 RSPT2 GRADIENT FOR STATE 1.1

 Atom          dE/dx               dE/dy               dE/dz

   1        -0.000000984         0.000677104         0.008183966
   2         0.000000083         0.000994453        -0.007763824
   3        -0.000000244         0.001259324         0.002123486
   4         0.000000458        -0.000343691         0.000533109
   5        -0.000000038        -0.002564085        -0.003135202
   6         0.000000724        -0.000023105         0.000058465
--
 RSPT2 GRADIENT FOR STATE 1.1

 Atom          dE/dx               dE/dy               dE/dz

   1         0.000124762         0.002662816         0.003132886
   2        -0.000277524        -0.000027129         0.000065058
   3         0.000107519        -0.000077092        -0.000096354
   4         0.000075294         0.000129096        -0.000023105
   5         0.000002540        -0.002561170        -0.003136262
   6        -0.000032590        -0.000126521         0.000057777
--
 RSPT2 GRADIENT FOR STATE 1.1

 Atom          dE/dx               dE/dy               dE/dz

   1        -0.000126700         0.002662811         0.003132888
   2         0.000277590        -0.000027212         0.000064958
   3        -0.000107910        -0.000077001        -0.000096250
   4        -0.000074393         0.000129091        -0.000023113
   5        -0.000002616        -0.002561169        -0.003136261
   6         0.000034030        -0.000126520         0.000057778
--
 RSPT2 GRADIENT FOR STATE 1.1

 Atom          dE/dx               dE/dy               dE/dz

   1        -0.000000969         0.002749357         0.003243827
   2         0.000000071        -0.001601463        -0.001278757
   3        -0.000000240         0.001532319         0.001379821
   4         0.000000457         0.000008626        -0.000254023
   5        -0.000000038        -0.002562574        -0.003138162
   6         0.000000720        -0.000126265         0.000047294
--
 RSPT2 GRADIENT FOR STATE 1.1

 Atom          dE/dx               dE/dy               dE/dz

   1        -0.000000970         0.002576369         0.003019089
   2        -0.000000008         0.001565347         0.001455044
   3        -0.000000149        -0.001706602        -0.001617803
   4         0.000000444         0.000251456         0.000209688
   5        -0.000000038        -0.002559797        -0.003134404
   6         0.000000721        -0.000126774         0.000068386
--
 RSPT2 GRADIENT FOR STATE 1.1

 Atom          dE/dx               dE/dy               dE/dz

   1        -0.000000962         0.002511758         0.002859600
   2         0.000000079        -0.001423343        -0.002157268
   3        -0.000000247         0.001393059         0.002306338
   4         0.000000449         0.000187427         0.000032422
   5        -0.000000038        -0.002558427        -0.003133498
   6         0.000000719        -0.000110473         0.000092407
--
 RSPT2 GRADIENT FOR STATE 1.1

 Atom          dE/dx               dE/dy               dE/dz

   1        -0.000000977         0.002815458         0.003406829
   2        -0.000000017         0.001426752         0.002345070
   3        -0.000000142        -0.001604847        -0.002556077
   4         0.000000452         0.000069267        -0.000079713
   5        -0.000000038        -0.002563959        -0.003139083
   6         0.000000722        -0.000142671         0.000022975
--
 RSPT2 GRADIENT FOR STATE 1.1

 Atom          dE/dx               dE/dy               dE/dz

   1        -0.000045905         0.002662915         0.003132724
   2        -0.000278153        -0.000014556         0.000069780
   3         0.000074639        -0.000081773        -0.000102634
   4         0.000157004         0.000121092        -0.000021513
   5        -0.000001732        -0.002561176        -0.003136269
   6         0.000094146        -0.000126502         0.000057913
--
 RSPT2 GRADIENT FOR STATE 1.1

 Atom          dE/dx               dE/dy               dE/dz

   1         0.000043966         0.002662917         0.003132725
   2         0.000278216        -0.000014675         0.000069795
   3        -0.000075030        -0.000081785        -0.000102632
   4        -0.000156102         0.000121221        -0.000021527
   5         0.000001655        -0.002561177        -0.003136270
   6        -0.000092706        -0.000126502         0.000057909
--
 RSPT2 GRADIENT FOR STATE 1.1

 Atom          dE/dx               dE/dy               dE/dz

   1        -0.000000971         0.002599862         0.003168328
   2         0.000000094        -0.003510151         0.000551580
   3        -0.000000192        -0.000203432        -0.000043495
   4         0.000000385         0.003798457        -0.000595015
   5        -0.000000038        -0.002561905        -0.003138920
   6         0.000000723        -0.000122831         0.000057521
--
 RSPT2 GRADIENT FOR STATE 1.1

 Atom          dE/dx               dE/dy               dE/dz

   1        -0.000000968         0.002727285         0.003095526
   2        -0.000000027         0.003358807        -0.000384205
   3        -0.000000198         0.000039390        -0.000161651
   4         0.000000514        -0.003434924         0.000525985
   5        -0.000000038        -0.002560469        -0.003133641
   6         0.000000717        -0.000130089         0.000057987
--
 RSPT2 GRADIENT FOR STATE 1.1

 Atom          dE/dx               dE/dy               dE/dz

   1        -0.000000972         0.002943611         0.003073426
   2         0.000000023         0.000474722        -0.000486262
   3        -0.000000191        -0.000313729        -0.000046508
   4         0.000000458        -0.000435012         0.000574895
   5        -0.000000038        -0.002561031        -0.003135955
   6         0.000000720        -0.000108561         0.000020404
--
 RSPT2 GRADIENT FOR STATE 1.1

 Atom          dE/dx               dE/dy               dE/dz

   1        -0.000000967         0.002381223         0.003191898
   2         0.000000041        -0.000510683         0.000623434
   3        -0.000000199         0.000149972        -0.000158644
   4         0.000000443         0.000685616        -0.000615374
   5        -0.000000038        -0.002561353        -0.003136620
   6         0.000000720        -0.000144775         0.000095306
--
 RSPT2 GRADIENT FOR STATE 1.1

 Atom          dE/dx               dE/dy               dE/dz

   1        -0.000009091         0.002662969         0.003132721
   2        -0.000000090        -0.000022474         0.000071239
   3         0.000002384        -0.000081837        -0.000102509
   4        -0.000001245         0.000129038        -0.000022919
   5         0.000007926        -0.002561153        -0.003136244
   6         0.000000116        -0.000126543         0.000057711
--
 RSPT2 GRADIENT FOR STATE 1.1

 Atom          dE/dx               dE/dy               dE/dz

   1         0.000007153         0.002662968         0.003132721
   2         0.000000154        -0.000022474         0.000071239
   3        -0.000002774        -0.000081837        -0.000102509
   4         0.000002146         0.000129038        -0.000022919
   5        -0.000008003        -0.002561152        -0.003136243
   6         0.000001324        -0.000126543         0.000057711
--
 RSPT2 GRADIENT FOR STATE 1.1

 Atom          dE/dx               dE/dy               dE/dz

   1        -0.000000969         0.002673258         0.003160177
   2         0.000000032        -0.000015503         0.000074202
   3        -0.000000195        -0.000083230        -0.000099730
   4         0.000000451         0.000128319        -0.000022758
   5        -0.000000039        -0.002578268        -0.003168502
   6         0.000000720        -0.000124575         0.000056610
--
 RSPT2 GRADIENT FOR STATE 1.1

 Atom          dE/dx               dE/dy               dE/dz

   1        -0.000000970         0.002652715         0.003105603
   2         0.000000032        -0.000029373         0.000068306
   3        -0.000000195        -0.000080453        -0.000105262
   4         0.000000450         0.000129755        -0.000023079
   5        -0.000000038        -0.002544142        -0.003104338
   6         0.000000720        -0.000128503         0.000058770
--
 RSPT2 GRADIENT FOR STATE 1.1

 Atom          dE/dx               dE/dy               dE/dz

   1        -0.000000969         0.002690983         0.003159063
   2         0.000000032        -0.000016597         0.000070222
   3        -0.000000195        -0.000083724        -0.000099704
   4         0.000000451         0.000126379        -0.000022584
   5        -0.000000039        -0.002593457        -0.003166836
   6         0.000000720        -0.000123584         0.000059839
--
 RSPT2 GRADIENT FOR STATE 1.1

 Atom          dE/dx               dE/dy               dE/dz

   1        -0.000000970         0.002635385         0.003106703
   2         0.000000032        -0.000028314         0.000072201
   3        -0.000000195        -0.000079967        -0.000105289
   4         0.000000450         0.000131659        -0.000023249
   5        -0.000000038        -0.002529292        -0.003105973
   6         0.000000720        -0.000129471         0.000055608
--
 RSPT2 GRADIENT FOR STATE 1.1

 Atom          dE/dx               dE/dy               dE/dz

   1        -0.000216898         0.002655091         0.003137059
   2         0.000003394        -0.000022280         0.000070509
   3        -0.000033493        -0.000081830        -0.000102608
   4         0.000093867         0.000129157        -0.000022989
   5        -0.000000642        -0.002561183        -0.003136290
   6         0.000153772        -0.000118955         0.000054319
--
 RSPT2 GRADIENT FOR STATE 1.1

 Atom          dE/dx               dE/dy               dE/dz

   1         0.000214958         0.002655135         0.003137028
   2        -0.000003329        -0.000022277         0.000070518
   3         0.000033102        -0.000081829        -0.000102604
   4        -0.000092966         0.000129151        -0.000022990
   5         0.000000565        -0.002561183        -0.003136290
   6        -0.000152331        -0.000118997         0.000054338
--
 RSPT2 GRADIENT FOR STATE 1.1

 Atom          dE/dx               dE/dy               dE/dz

   1        -0.000000989        -0.000463394         0.004566399
   2         0.000000031         0.000006380        -0.000030829
   3        -0.000000195        -0.000081557        -0.000086419
   4         0.000000451         0.000132706        -0.000004749
   5        -0.000000038        -0.002559212        -0.003133336
   6         0.000000741         0.002965077        -0.001311066
--
 RSPT2 GRADIENT FOR STATE 1.1

 Atom          dE/dx               dE/dy               dE/dz

   1        -0.000000949         0.005869393         0.001648231
   2         0.000000033        -0.000052585         0.000174345
   3        -0.000000195        -0.000082064        -0.000118615
   4         0.000000450         0.000125446        -0.000040961
   5        -0.000000038        -0.002563139        -0.003139222
   6         0.000000699        -0.003297051         0.001476223
--
 RSPT2 GRADIENT FOR STATE 1.1

 Atom          dE/dx               dE/dy               dE/dz

   1        -0.000000958         0.003783040         0.002230110
   2         0.000000029         0.000267797         0.000071622
   3        -0.000000196        -0.000092408        -0.000067699
   4         0.000000452         0.000128937        -0.000060537
   5        -0.000000038        -0.002562245        -0.003134150
   6         0.000000710        -0.001525121         0.000960654
--
 RSPT2 GRADIENT FOR STATE 1.1

 Atom          dE/dx               dE/dy               dE/dz

   1        -0.000000981         0.001550531         0.004043221
   2         0.000000035        -0.000310082         0.000070449
   3        -0.000000194        -0.000071315        -0.000137131
   4         0.000000449         0.000129400         0.000014366
   5        -0.000000038        -0.002560086        -0.003138381
   6         0.000000730         0.001261552        -0.000852524
