 RSPT2 GRADIENT FOR STATE 1.1

 Atom          dE/dx               dE/dy               dE/dz

   1         0.000000015        -0.005130278        -0.012278597
   2        -0.000000076         0.000177702         0.006289153
   3        -0.000000045         0.005350112         0.004985771
   4         0.000000098        -0.007622754         0.000464137
   5        -0.000000007        -0.001438393        -0.001866693
   6         0.000000016         0.008663611         0.002406229
--
 RSPT2 GRADIENT FOR STATE 1.1

 Atom          dE/dx               dE/dy               dE/dz

   1         0.000000129        -0.003043222        -0.007138063
   2        -0.000000057        -0.000282562         0.004537813
   3         0.000000009         0.003248302         0.002586879
   4        -0.000000000        -0.004271037         0.000514775
   5        -0.000000004        -0.001354801        -0.001954941
   6        -0.000000076         0.005703320         0.001453537
--
 RSPT2 GRADIENT FOR STATE 1.1

 Atom          dE/dx               dE/dy               dE/dz

   1        -0.000001471        -0.011972881        -0.037506016
   2        -0.000000257        -0.008830986         0.021347027
   3        -0.000001325         0.023496306         0.019839736
   4         0.000001818        -0.032938687         0.002786937
   5        -0.000000037        -0.001421436        -0.001840183
   6         0.000001272         0.031667684        -0.004627501
--
 RSPT2 GRADIENT FOR STATE 1.1

 Atom          dE/dx               dE/dy               dE/dz

   1        -0.000002211        -0.001650738         0.000324188
   2        -0.000000030         0.001773940         0.001381068
   3        -0.000000344         0.001394691        -0.003036916
   4         0.000001023         0.001196993        -0.001799042
   5        -0.000000012        -0.001439999        -0.001903708
   6         0.000001573        -0.001274888         0.005034409
--
 RSPT2 GRADIENT FOR STATE 1.1

 Atom          dE/dx               dE/dy               dE/dz

   1         0.000002333         0.000863114         0.000307746
   2        -0.000000031        -0.000381438         0.001195187
   3         0.000000370         0.000070557        -0.001251587
   4        -0.000001022         0.000884607        -0.000013550
   5         0.000000020        -0.001455692        -0.001911890
   6        -0.000001669         0.000018853         0.001674094
--
 RSPT2 GRADIENT FOR STATE 1.1

 Atom          dE/dx               dE/dy               dE/dz

   1        -0.000006749         0.001487429         0.001645626
   2        -0.000000103        -0.000537641         0.000131439
   3        -0.000000987         0.000003083        -0.000117843
   4         0.000003007         0.000257746         0.000229670
   5        -0.000000015        -0.001395966        -0.001964221
   6         0.000004846         0.000185349         0.000075329
--
 RSPT2 GRADIENT FOR STATE 1.1

 Atom          dE/dx               dE/dy               dE/dz

   1         0.000019716         0.001485712         0.002119438
   2         0.000000279        -0.000073043        -0.000200089
   3         0.000002902         0.000022705         0.000041544
   4        -0.000008803         0.000022972         0.000036014
   5         0.000000036        -0.001405164        -0.001959013
   6        -0.000014129        -0.000053182        -0.000037894
--
 RSPT2 GRADIENT FOR STATE 1.1

 Atom          dE/dx               dE/dy               dE/dz

   1        -0.000001489         0.001457743         0.002086942
   2        -0.000000035        -0.000035999        -0.000154215
   3        -0.000000214         0.000016990         0.000031849
   4         0.000000671         0.000012053         0.000019409
   5        -0.000000002        -0.001404305        -0.001959344
   6         0.000001070        -0.000046482        -0.000024640
--
 RSPT2 GRADIENT FOR STATE 1.1

 Atom          dE/dx               dE/dy               dE/dz

   1         0.000002135         0.007227030         0.005358700
   2        -0.000000074        -0.000199483         0.001069711
   3         0.000000301        -0.005662139        -0.007403422
   4        -0.000000956         0.009654065        -0.001243322
   5         0.000000003        -0.001356505        -0.001965480
   6        -0.000001410        -0.009662970         0.004183813
--
 RSPT2 GRADIENT FOR STATE 1.1

 Atom          dE/dx               dE/dy               dE/dz

   1        -0.000001907         0.004352250         0.003594835
   2         0.000000016        -0.000249790         0.000552631
   3        -0.000000227        -0.002538650        -0.003492162
   4         0.000000796         0.004323693        -0.000463940
   5        -0.000000020        -0.001455934        -0.001890206
   6         0.000001342        -0.004431568         0.001698841
--
 RSPT2 GRADIENT FOR STATE 1.1

 Atom          dE/dx               dE/dy               dE/dz

   1         0.000015550         0.025052900         0.014169902
   2        -0.000003444        -0.001322332         0.005301720
   3        -0.000001832        -0.021968923        -0.030059098
   4        -0.000005514         0.039449494        -0.004504146
   5         0.000000134        -0.001387079        -0.001987183
   6        -0.000004894        -0.039824061         0.017078804
--
 RSPT2 GRADIENT FOR STATE 1.1

 Atom          dE/dx               dE/dy               dE/dz

   1         0.000007845         0.002268246         0.002149141
   2        -0.000000022        -0.000247552         0.000252984
   3         0.000001174        -0.000438631        -0.000628613
   4        -0.000003454         0.000762335        -0.000087962
   5        -0.000000005        -0.001420107        -0.001911115
   6        -0.000005539        -0.000924292         0.000225565
--
 RSPT2 GRADIENT FOR STATE 1.1

 Atom          dE/dx               dE/dy               dE/dz

   1        -0.000023550         0.001454985         0.001942267
   2         0.000000156        -0.000038878        -0.000030206
   3        -0.000003576         0.000063185         0.000082239
   4         0.000010253        -0.000098156        -0.000000930
   5        -0.000000012        -0.001419263        -0.001908952
   6         0.000016729         0.000038128        -0.000084418
--
 RSPT2 GRADIENT FOR STATE 1.1

 Atom          dE/dx               dE/dy               dE/dz

   1         0.000389305         0.001054774         0.001859840
   2        -0.000244424         0.000074924        -0.000152988
   3         0.000127390         0.000268265         0.000375330
   4        -0.000047148        -0.000468683         0.000042570
   5        -0.000004407        -0.001418053        -0.001908434
   6        -0.000220717         0.000488772        -0.000216317
--
 RSPT2 GRADIENT FOR STATE 1.1

 Atom          dE/dx               dE/dy               dE/dz

   1        -0.000384004         0.001055052         0.001859725
   2         0.000244505         0.000074918        -0.000152990
   3        -0.000126617         0.000268268         0.000375338
   4         0.000044790        -0.000468690         0.000042575
   5         0.000004412        -0.001418053        -0.001908434
   6         0.000216914         0.000488505        -0.000216214
--
 RSPT2 GRADIENT FOR STATE 1.1

 Atom          dE/dx               dE/dy               dE/dz

   1         0.000002507         0.005983828        -0.001395299
   2         0.000000037        -0.001564799         0.001914562
   3         0.000000386         0.000356166         0.000241034
   4        -0.000001182        -0.000546403         0.000322274
   5         0.000000002        -0.001413502        -0.001893310
   6        -0.000001750        -0.002815290         0.000810739
--
 RSPT2 GRADIENT FOR STATE 1.1

 Atom          dE/dx               dE/dy               dE/dz

   1         0.000002785        -0.003771291         0.005096243
   2         0.000000047         0.001710604        -0.002256096
   3         0.000000386         0.000181609         0.000510212
   4        -0.000001175        -0.000389825        -0.000237170
   5         0.000000002        -0.001422544        -0.001923611
   6        -0.000002045         0.003691446        -0.001189577
--
 RSPT2 GRADIENT FOR STATE 1.1

 Atom          dE/dx               dE/dy               dE/dz

   1         0.000002706        -0.002223554         0.007850282
   2         0.000000050         0.001836877        -0.005039060
   3         0.000000394         0.000396357         0.000097751
   4        -0.000001179        -0.000430817        -0.000003054
   5         0.000000002        -0.001403682        -0.001892739
   6        -0.000001974         0.001824819        -0.001013179
--
 RSPT2 GRADIENT FOR STATE 1.1

 Atom          dE/dx               dE/dy               dE/dz

   1         0.000002591         0.004268237        -0.003978376
   2         0.000000034        -0.001604791         0.004590922
   3         0.000000377         0.000140332         0.000647811
   4        -0.000001178        -0.000505310         0.000087059
   5         0.000000002        -0.001432660        -0.001924311
   6        -0.000001826        -0.000865808         0.000576895
--
 RSPT2 GRADIENT FOR STATE 1.1

 Atom          dE/dx               dE/dy               dE/dz

   1        -0.000241798         0.001062497         0.001858325
   2         0.000800731         0.000078068        -0.000160970
   3        -0.000279142         0.000271580         0.000380426
   4        -0.000281062        -0.000475295         0.000044205
   5        -0.000000080        -0.001418082        -0.001908459
   6         0.000001351         0.000481233        -0.000213527
--
 RSPT2 GRADIENT FOR STATE 1.1

 Atom          dE/dx               dE/dy               dE/dz

   1         0.000247098         0.001062507         0.001858309
   2        -0.000800649         0.000077931        -0.000160979
   3         0.000279916         0.000271616         0.000380466
   4         0.000278703        -0.000475197         0.000044184
   5         0.000000084        -0.001418082        -0.001908459
   6        -0.000005152         0.000481225        -0.000213522
--
 RSPT2 GRADIENT FOR STATE 1.1

 Atom          dE/dx               dE/dy               dE/dz

   1         0.000002652        -0.000572995         0.003591716
   2         0.000000109         0.006532707        -0.001144365
   3         0.000000366        -0.001188124        -0.001019791
   4        -0.000001225        -0.003860241         0.000397191
   5         0.000000002        -0.001413801        -0.001904040
   6        -0.000001904         0.000502454         0.000079289
--
 RSPT2 GRADIENT FOR STATE 1.1

 Atom          dE/dx               dE/dy               dE/dz

   1         0.000002646         0.002702407         0.000150957
   2        -0.000000028        -0.006500105         0.000854581
   3         0.000000405         0.001723055         0.001740958
   4        -0.000001130         0.003036201        -0.000329282
   5         0.000000002        -0.001422323        -0.001912807
   6        -0.000001896         0.000460764        -0.000504407
--
 RSPT2 GRADIENT FOR STATE 1.1

 Atom          dE/dx               dE/dy               dE/dz

   1         0.000002649         0.003105519        -0.002888947
   2         0.000000047        -0.000851310         0.007490673
   3         0.000000358        -0.001080123        -0.002013571
   4        -0.000001172        -0.000139429        -0.000476489
   5         0.000000002        -0.001415620        -0.001907948
   6        -0.000001885         0.000380964        -0.000203718
--
 RSPT2 GRADIENT FOR STATE 1.1

 Atom          dE/dx               dE/dy               dE/dz

   1         0.000002648        -0.001066033         0.006740932
   2         0.000000039         0.001147883        -0.007880937
   3         0.000000413         0.001564882         0.002706702
   4        -0.000001186        -0.000810406         0.000563426
   5         0.000000002        -0.001420506        -0.001908891
   6        -0.000001916         0.000584179        -0.000221232
--
 RSPT2 GRADIENT FOR STATE 1.1

 Atom          dE/dx               dE/dy               dE/dz

   1         0.000129643         0.001058914         0.001865392
   2        -0.000279502         0.000073191        -0.000167478
   3         0.000108601         0.000273015         0.000381514
   4         0.000074616        -0.000468831         0.000042802
   5         0.000001422        -0.001418074        -0.001908453
   6        -0.000034780         0.000481784        -0.000213777
--
 RSPT2 GRADIENT FOR STATE 1.1

 Atom          dE/dx               dE/dy               dE/dz

   1        -0.000124345         0.001058914         0.001865375
   2         0.000279584         0.000073231        -0.000167423
   3        -0.000107827         0.000272971         0.000381472
   4        -0.000076974        -0.000468828         0.000042806
   5        -0.000001418        -0.001418074        -0.001908453
   6         0.000030980         0.000481786        -0.000213778
--
 RSPT2 GRADIENT FOR STATE 1.1

 Atom          dE/dx               dE/dy               dE/dz

   1         0.000002648         0.001146316         0.001992074
   2         0.000000024        -0.001375667        -0.001468643
   3         0.000000407         0.001748531         0.001807798
   4        -0.000001181        -0.000581869        -0.000195263
   5         0.000000002        -0.001419074        -0.001909902
   6        -0.000001900         0.000481763        -0.000226064
--
 RSPT2 GRADIENT FOR STATE 1.1

 Atom          dE/dx               dE/dy               dE/dz

   1         0.000002650         0.000971756         0.001736047
   2         0.000000060         0.001535546         0.001175988
   3         0.000000364        -0.001218036        -0.001086492
   4        -0.000001176        -0.000353953         0.000282844
   5         0.000000002        -0.001417091        -0.001907029
   6        -0.000001900         0.000481777        -0.000201359
--
 RSPT2 GRADIENT FOR STATE 1.1

 Atom          dE/dx               dE/dy               dE/dz

   1         0.000002645         0.000925045         0.001590663
   2         0.000000022        -0.001278556        -0.002495385
   3         0.000000406         0.001691574         0.002899771
   4        -0.000001177        -0.000418068         0.000090052
   5         0.000000002        -0.001416489        -0.001906657
   6        -0.000001898         0.000496494        -0.000178443
--
 RSPT2 GRADIENT FOR STATE 1.1

 Atom          dE/dx               dE/dy               dE/dz

   1         0.000002653         0.001194237         0.002140705
   2         0.000000063         0.001482543         0.002224950
   3         0.000000365        -0.001203078        -0.002200550
   4        -0.000001180        -0.000520993        -0.000005569
   5         0.000000002        -0.001419685        -0.001910283
   6        -0.000001902         0.000466975        -0.000249254
--
 RSPT2 GRADIENT FOR STATE 1.1

 Atom          dE/dx               dE/dy               dE/dz

   1        -0.000043324         0.001059022         0.001865213
   2        -0.000279844         0.000085398        -0.000162148
   3         0.000076172         0.000268573         0.000374999
   4         0.000156795        -0.000476717         0.000044035
   5        -0.000000929        -0.001418077        -0.001908457
   6         0.000091130         0.000481801        -0.000213643
--
 RSPT2 GRADIENT FOR STATE 1.1

 Atom          dE/dx               dE/dy               dE/dz

   1         0.000048622         0.001059030         0.001865213
   2         0.000279927         0.000085493        -0.000162162
   3        -0.000075399         0.000268578         0.000374996
   4        -0.000159154        -0.000476819         0.000044048
   5         0.000000934        -0.001418077        -0.001908457
   6        -0.000094931         0.000481795        -0.000213639
--
 RSPT2 GRADIENT FOR STATE 1.1

 Atom          dE/dx               dE/dy               dE/dz

   1         0.000002653         0.000981326         0.001901733
   2        -0.000000008        -0.003424933         0.000184157
   3         0.000000384         0.000154463         0.000426508
   4        -0.000001127         0.003223249        -0.000389882
   5         0.000000002        -0.001418493        -0.001910117
   6        -0.000001904         0.000484390        -0.000212399
--
 RSPT2 GRADIENT FOR STATE 1.1

 Atom          dE/dx               dE/dy               dE/dz

   1         0.000002646         0.001137900         0.001827252
   2         0.000000090         0.003471507        -0.000487091
   3         0.000000387         0.000382371         0.000323586
   4        -0.000001228        -0.004053392         0.000458208
   5         0.000000002        -0.001417672        -0.001906809
   6        -0.000001896         0.000479286        -0.000215146
--
 RSPT2 GRADIENT FOR STATE 1.1

 Atom          dE/dx               dE/dy               dE/dz

   1         0.000002646         0.001338316         0.001820097
   2         0.000000052         0.000446146        -0.000683068
   3         0.000000383         0.000029314         0.000422840
   4        -0.000001185        -0.000897459         0.000598878
   5         0.000000002        -0.001418045        -0.001908359
   6        -0.000001899         0.000501728        -0.000250388
--
 RSPT2 GRADIENT FOR STATE 1.1

 Atom          dE/dx               dE/dy               dE/dz

   1         0.000002652         0.000778873         0.001910191
   2         0.000000032        -0.000280025         0.000356874
   3         0.000000388         0.000507410         0.000327219
   4        -0.000001172        -0.000049657        -0.000508674
   5         0.000000002        -0.001418127        -0.001908576
   6        -0.000001902         0.000461526        -0.000177034
--
 RSPT2 GRADIENT FOR STATE 1.1

 Atom          dE/dx               dE/dy               dE/dz

   1        -0.000001760         0.001059068         0.001865266
   2        -0.000000040         0.000077617        -0.000161099
   3         0.000001806         0.000268497         0.000375111
   4        -0.000002111        -0.000468876         0.000042998
   5         0.000004357        -0.001418065        -0.001908442
   6        -0.000002252         0.000481759        -0.000213834
--
 RSPT2 GRADIENT FOR STATE 1.1

 Atom          dE/dx               dE/dy               dE/dz

   1         0.000007059         0.001059068         0.001865266
   2         0.000000123         0.000077617        -0.000161099
   3        -0.000001035         0.000268497         0.000375111
   4        -0.000000247        -0.000468876         0.000042998
   5        -0.000004352        -0.001418065        -0.001908442
   6        -0.000001548         0.000481759        -0.000213834
--
 RSPT2 GRADIENT FOR STATE 1.1

 Atom          dE/dx               dE/dy               dE/dz

   1         0.000002649         0.001063592         0.001879840
   2         0.000000042         0.000081899        -0.000158642
   3         0.000000386         0.000267502         0.000376717
   4        -0.000001179        -0.000469288         0.000043039
   5         0.000000002        -0.001426827        -0.001926958
   6        -0.000001900         0.000483121        -0.000213996
--
 RSPT2 GRADIENT FOR STATE 1.1

 Atom          dE/dx               dE/dy               dE/dz

   1         0.000002649         0.001054550         0.001850863
   2         0.000000042         0.000073378        -0.000163532
   3         0.000000386         0.000269485         0.000373521
   4        -0.000001179        -0.000468465         0.000042957
   5         0.000000002        -0.001409352        -0.001890118
   6        -0.000001900         0.000480405        -0.000213691
--
 RSPT2 GRADIENT FOR STATE 1.1

 Atom          dE/dx               dE/dy               dE/dz

   1         0.000002649         0.001074343         0.001881159
   2         0.000000042         0.000082019        -0.000160635
   3         0.000000386         0.000267053         0.000376933
   4        -0.000001179        -0.000470543         0.000043107
   5         0.000000002        -0.001436619        -0.001928525
   6        -0.000001900         0.000483747        -0.000212039
--
 RSPT2 GRADIENT FOR STATE 1.1

 Atom          dE/dx               dE/dy               dE/dz

   1         0.000002649         0.001044040         0.001849587
   2         0.000000042         0.000073253        -0.000161583
   3         0.000000386         0.000269926         0.000373308
   4        -0.000001179        -0.000467234         0.000042891
   5         0.000000002        -0.001399778        -0.001888593
   6        -0.000001900         0.000479793        -0.000215609
--
 RSPT2 GRADIENT FOR STATE 1.1

 Atom          dE/dx               dE/dy               dE/dz

   1        -0.000216170         0.001051255         0.001869080
   2         0.000003287         0.000077817        -0.000161762
   3        -0.000032483         0.000268518         0.000375024
   4         0.000091843        -0.000468772         0.000042931
   5        -0.000000350        -0.001418082        -0.001908471
   6         0.000153872         0.000489264        -0.000216802
--
 RSPT2 GRADIENT FOR STATE 1.1

 Atom          dE/dx               dE/dy               dE/dz

   1         0.000221471         0.001050959         0.001869228
   2        -0.000003205         0.000077826        -0.000161793
   3         0.000033256         0.000268518         0.000375020
   4        -0.000094201        -0.000468764         0.000042928
   5         0.000000354        -0.001418082        -0.001908471
   6        -0.000157675         0.000489543        -0.000216913
--
 RSPT2 GRADIENT FOR STATE 1.1

 Atom          dE/dx               dE/dy               dE/dz

   1         0.000002780        -0.002151300         0.003187090
   2         0.000000045         0.000097832        -0.000262216
   3         0.000000385         0.000268512         0.000389866
   4        -0.000001176        -0.000466292         0.000063165
   5         0.000000002        -0.001416719        -0.001906486
   6        -0.000002037         0.003667967        -0.001471418
--
 RSPT2 GRADIENT FOR STATE 1.1

 Atom          dE/dx               dE/dy               dE/dz

   1         0.000002513         0.004355447         0.000495857
   2         0.000000038         0.000056141        -0.000059028
   3         0.000000387         0.000268529         0.000360349
   4        -0.000001181        -0.000471397         0.000022963
   5         0.000000002        -0.001419435        -0.001910440
   6        -0.000001758        -0.002789285         0.001090300
--
 RSPT2 GRADIENT FOR STATE 1.1

 Atom          dE/dx               dE/dy               dE/dz

   1         0.000002598         0.002060399         0.001074564
   2         0.000000039         0.000370782        -0.000152474
   3         0.000000386         0.000256118         0.000410603
   4        -0.000001180        -0.000467358         0.000006160
   5         0.000000002        -0.001418222        -0.001906668
   6        -0.000001845        -0.000801719         0.000567816
--
 RSPT2 GRADIENT FOR STATE 1.1

 Atom          dE/dx               dE/dy               dE/dz

   1         0.000002701         0.000060731         0.002664655
   2         0.000000044        -0.000212914        -0.000169979
   3         0.000000385         0.000280825         0.000339795
   4        -0.000001177        -0.000470108         0.000079516
   5         0.000000002        -0.001417917        -0.001910237
   6        -0.000001956         0.001759383        -0.001003751
