 RSPT2 GRADIENT FOR STATE 1.1

 Atom          dE/dx               dE/dy               dE/dz

   1         0.000000049        -0.001411386        -0.005763254
   2        -0.000000078         0.002023391         0.006008106
   3        -0.000000068         0.005752999         0.004749981
   4         0.000000112        -0.007798098         0.001586390
   5        -0.000000041        -0.008075191        -0.008015593
   6         0.000000025         0.009508285         0.001434369
--
 RSPT2 GRADIENT FOR STATE 1.1

 Atom          dE/dx               dE/dy               dE/dz

   1         0.000000078        -0.000787081        -0.003131657
   2        -0.000000062         0.001764512         0.005521374
   3        -0.000000012         0.004787525         0.003813632
   4         0.000000039        -0.006322653         0.001410293
   5        -0.000000021        -0.007543831        -0.008525457
   6        -0.000000023         0.008101528         0.000911816
--
 RSPT2 GRADIENT FOR STATE 1.1

 Atom          dE/dx               dE/dy               dE/dz

   1         0.000000602        -0.020527009        -0.045378219
   2        -0.000001106        -0.006351976         0.031347166
   3        -0.000006536         0.036463581         0.025889837
   4         0.000006828        -0.046975651         0.010456342
   5        -0.000000890        -0.008001933        -0.007839988
   6         0.000001103         0.045392987        -0.014475139
--
 RSPT2 GRADIENT FOR STATE 1.1

 Atom          dE/dx               dE/dy               dE/dz

   1        -0.000002236         0.005673463         0.009200023
   2        -0.000000045         0.005151820        -0.002916084
   3        -0.000000353        -0.004065669        -0.005341119
   4         0.000001091         0.006818468        -0.002292560
   5        -0.000000050        -0.008379220        -0.007716727
   6         0.000001592        -0.005198862         0.009066468
--
 RSPT2 GRADIENT FOR STATE 1.1

 Atom          dE/dx               dE/dy               dE/dz

   1        -0.000028827         0.023983291         0.047090192
   2         0.000003536         0.013073648        -0.027996720
   3         0.000020387        -0.027823341        -0.028801048
   4        -0.000010152         0.043934643        -0.009309576
   5        -0.000004821        -0.008639686        -0.007431037
   6         0.000019877        -0.044528556         0.026448188
--
 RSPT2 GRADIENT FOR STATE 1.1

 Atom          dE/dx               dE/dy               dE/dz

   1         0.000061856        -0.006837774        -0.017631491
   2         0.000017716        -0.000677457         0.015153825
   3         0.000078839         0.016280711         0.018108211
   4        -0.000104111        -0.026053652         0.005925518
   5         0.000015630        -0.008291825        -0.007623145
   6        -0.000069930         0.025579997        -0.013932918
--
 RSPT2 GRADIENT FOR STATE 1.1

 Atom          dE/dx               dE/dy               dE/dz

   1        -0.000047645         0.000291795        -0.003210399
   2        -0.000020110        -0.000414715         0.007843014
   3        -0.000103245         0.007457529         0.007955020
   4         0.000131160        -0.012423987         0.003051096
   5        -0.000037643        -0.007897102        -0.008147194
   6         0.000077484         0.012986480        -0.007491537
--
 RSPT2 GRADIENT FOR STATE 1.1

 Atom          dE/dx               dE/dy               dE/dz

   1        -0.000058696         0.005828143         0.006217930
   2        -0.000002667         0.000653344         0.001693900
   3        -0.000013340         0.001251176         0.001482842
   4         0.000031648        -0.002742175         0.000496606
   5        -0.000003421        -0.007901255        -0.008209874
   6         0.000046477         0.002910766        -0.001681403
--
 RSPT2 GRADIENT FOR STATE 1.1

 Atom          dE/dx               dE/dy               dE/dz

   1         0.000067844         0.007773922         0.008465934
   2         0.000000898         0.000410165         0.000051845
   3         0.000016996        -0.000236490        -0.000213480
   4        -0.000037251         0.000023947        -0.000117903
   5         0.000006383        -0.007934222        -0.008201176
   6        -0.000054870        -0.000037321         0.000014779
--
 RSPT2 GRADIENT FOR STATE 1.1

 Atom          dE/dx               dE/dy               dE/dz

   1        -0.000000862         0.008385882         0.008665642
   2        -0.000000545         0.000006719        -0.000263344
   3        -0.000000044        -0.000380521        -0.000433729
   4         0.000000723         0.000613712        -0.000158193
   5        -0.000000074        -0.007940954        -0.008201501
   6         0.000000803        -0.000684839         0.000391126
--
 RSPT2 GRADIENT FOR STATE 1.1

 Atom          dE/dx               dE/dy               dE/dz

   1         0.000000163         0.007968782         0.008236240
   2        -0.000000501         0.000011826        -0.000003668
   3         0.000000177        -0.000043259        -0.000045844
   4         0.000000172         0.000056023        -0.000017919
   5        -0.000000003        -0.007933996        -0.008203610
   6        -0.000000008        -0.000059377         0.000034801
--
 RSPT2 GRADIENT FOR STATE 1.1

 Atom          dE/dx               dE/dy               dE/dz

   1         0.000000124         0.014103216         0.010686811
   2        -0.000000412         0.000010611         0.001249384
   3         0.000000142        -0.006597577        -0.006661162
   4         0.000000134         0.009442723        -0.002432015
   5        -0.000000012        -0.007845051        -0.008184716
   6         0.000000024        -0.009113923         0.005341699
--
 RSPT2 GRADIENT FOR STATE 1.1

 Atom          dE/dx               dE/dy               dE/dz

   1         0.000000136         0.012719109         0.009387609
   2        -0.000000418        -0.000216991         0.000644128
   3         0.000000144        -0.004262508        -0.004391625
   4         0.000000138         0.005968198        -0.001510080
   5        -0.000000001        -0.008373659        -0.007615887
   6         0.000000000        -0.005834150         0.003485855
--
 RSPT2 GRADIENT FOR STATE 1.1

 Atom          dE/dx               dE/dy               dE/dz

   1        -0.000005508         0.039068083         0.121537507
   2         0.000000913         0.028688127        -0.058001266
   3         0.000007783        -0.069709953        -0.085741626
   4        -0.000007243         0.112904076        -0.023875732
   5        -0.000000550        -0.007893331        -0.008568977
   6         0.000004605        -0.103057001         0.054650094
--
 RSPT2 GRADIENT FOR STATE 1.1

 Atom          dE/dx               dE/dy               dE/dz

   1        -0.000000021         0.019532545         0.035877858
   2        -0.000000237         0.006551252        -0.013788219
   3         0.000000216        -0.021688691        -0.022818202
   4        -0.000000053         0.031759510        -0.008033912
   5        -0.000000045        -0.007845787        -0.008293164
   6         0.000000140        -0.028308829         0.017055639
--
 RSPT2 GRADIENT FOR STATE 1.1

 Atom          dE/dx               dE/dy               dE/dz

   1        -0.000000185         0.010649280         0.013316610
   2        -0.000000198         0.000733876        -0.002425251
   3         0.000000015        -0.003729982        -0.004020163
   4         0.000000203         0.005470867        -0.001573128
   5        -0.000000118        -0.007906009        -0.008107926
   6         0.000000283        -0.005218033         0.002809858
--
 RSPT2 GRADIENT FOR STATE 1.1

 Atom          dE/dx               dE/dy               dE/dz

   1         0.000000183         0.007110692         0.004143980
   2        -0.000000353        -0.001035497         0.002492668
   3         0.000001555         0.002314012         0.002260981
   4        -0.000001367        -0.003202994         0.000863315
   5         0.000000994        -0.007971017        -0.007995852
   6        -0.000001011         0.002784804        -0.001765091
--
 RSPT2 GRADIENT FOR STATE 1.1

 Atom          dE/dx               dE/dy               dE/dz

   1         0.000000635         0.007566771         0.006813761
   2        -0.000000258        -0.000261749         0.000734661
   3        -0.000003205         0.000747350         0.000768585
   4         0.000003401        -0.001061408         0.000281490
   5        -0.000003073        -0.007965245        -0.008013276
   6         0.000002501         0.000974280        -0.000585221
--
 RSPT2 GRADIENT FOR STATE 1.1

 Atom          dE/dx               dE/dy               dE/dz

   1        -0.000000426         0.007703377         0.007354313
   2        -0.000000295        -0.000125894         0.000397086
   3        -0.000000016         0.000424241         0.000445128
   4         0.000000370        -0.000609743         0.000157536
   5        -0.000000033        -0.007964658        -0.008016553
   6         0.000000400         0.000572677        -0.000337510
--
 RSPT2 GRADIENT FOR STATE 1.1

 Atom          dE/dx               dE/dy               dE/dz

   1         0.000002037         0.007984065         0.008012037
   2        -0.000000277         0.000000751         0.000024149
   3         0.000000586        -0.000015623        -0.000015364
   4        -0.000000956         0.000014669        -0.000006541
   5         0.000000173        -0.007963220        -0.008022112
   6        -0.000001563        -0.000020642         0.000007832
--
 RSPT2 GRADIENT FOR STATE 1.1

 Atom          dE/dx               dE/dy               dE/dz

   1         0.000408262         0.008011429         0.008102561
   2        -0.000243903         0.000017280        -0.000028114
   3         0.000119089        -0.000072264        -0.000074620
   4        -0.000040418         0.000096867        -0.000027515
   5        -0.000026984        -0.007962815        -0.008022690
   6        -0.000216046        -0.000090496         0.000050379
--
 RSPT2 GRADIENT FOR STATE 1.1

 Atom          dE/dx               dE/dy               dE/dz

   1        -0.000408535         0.008011420         0.008102575
   2         0.000243414         0.000017279        -0.000028121
   3        -0.000119028        -0.000072265        -0.000074621
   4         0.000040822         0.000096867        -0.000027514
   5         0.000026939        -0.007962816        -0.008022691
   6         0.000216388        -0.000090486         0.000050372
--
 RSPT2 GRADIENT FOR STATE 1.1

 Atom          dE/dx               dE/dy               dE/dz

   1        -0.000000132         0.012130439         0.004971438
   2        -0.000000244        -0.001215637         0.001584769
   3         0.000000031         0.000007728        -0.000263517
   4         0.000000202         0.000063702         0.000252153
   5        -0.000000022        -0.007919085        -0.007937533
   6         0.000000166        -0.003067147         0.001392690
--
 RSPT2 GRADIENT FOR STATE 1.1

 Atom          dE/dx               dE/dy               dE/dz

   1        -0.000000141         0.003979510         0.011187566
   2        -0.000000245         0.001241029        -0.001657174
   3         0.000000030        -0.000150944         0.000114389
   4         0.000000202         0.000130940        -0.000307367
   5        -0.000000023        -0.008006570        -0.008108606
   6         0.000000176         0.002806035        -0.001228808
--
 RSPT2 GRADIENT FOR STATE 1.1

 Atom          dE/dx               dE/dy               dE/dz

   1        -0.000000144         0.004887835         0.014924819
   2        -0.000000241         0.001324687        -0.005400205
   3         0.000000031         0.000007106        -0.000339218
   4         0.000000202         0.000124771        -0.000115265
   5        -0.000000022        -0.007876427        -0.007961427
   6         0.000000175         0.001532027        -0.001108703
--
 RSPT2 GRADIENT FOR STATE 1.1

 Atom          dE/dx               dE/dy               dE/dz

   1        -0.000000129         0.011104202         0.001454456
   2        -0.000000248        -0.001226149         0.005173364
   3         0.000000031        -0.000152064         0.000185488
   4         0.000000202         0.000069940         0.000058922
   5        -0.000000023        -0.008050355        -0.008084345
   6         0.000000167        -0.001745575         0.001212116
--
 RSPT2 GRADIENT FOR STATE 1.1

 Atom          dE/dx               dE/dy               dE/dz

   1        -0.000243777         0.008018979         0.008100069
   2         0.000797337         0.000019312        -0.000036462
   3        -0.000277656        -0.000068249        -0.000069933
   4        -0.000279506         0.000090515        -0.000025026
   5        -0.000000178        -0.007963007        -0.008022821
   6         0.000003780        -0.000097550         0.000054172
--
 RSPT2 GRADIENT FOR STATE 1.1

 Atom          dE/dx               dE/dy               dE/dz

   1         0.000243504         0.008018978         0.008100063
   2        -0.000797826         0.000019355        -0.000036459
   3         0.000277717        -0.000068259        -0.000069941
   4         0.000279910         0.000090483        -0.000025017
   5         0.000000134        -0.007963007        -0.008022821
   6        -0.000003439        -0.000097550         0.000054174
--
 RSPT2 GRADIENT FOR STATE 1.1

 Atom          dE/dx               dE/dy               dE/dz

   1        -0.000000137         0.006795190         0.009378353
   2        -0.000000266         0.006334091        -0.000832963
   3         0.000000035        -0.001934242        -0.001559740
   4         0.000000219        -0.003195750         0.000699032
   5        -0.000000022        -0.007948051        -0.008017053
   6         0.000000170        -0.000051238         0.000332372
--
 RSPT2 GRADIENT FOR STATE 1.1

 Atom          dE/dx               dE/dy               dE/dz

   1        -0.000000137         0.009251868         0.006828365
   2        -0.000000223        -0.006395709         0.000842189
   3         0.000000027         0.001772339         0.001368388
   4         0.000000184         0.003491976        -0.000788114
   5        -0.000000022        -0.007977727        -0.008028299
   6         0.000000171        -0.000142747        -0.000222528
--
 RSPT2 GRADIENT FOR STATE 1.1

 Atom          dE/dx               dE/dy               dE/dz

   1        -0.000000133         0.009605850         0.002895873
   2        -0.000000246        -0.000761744         0.007878653
   3         0.000000034        -0.001504775        -0.002090203
   4         0.000000197         0.000823965        -0.000691723
   5        -0.000000022        -0.007961676        -0.008033048
   6         0.000000170        -0.000201621         0.000040448
--
 RSPT2 GRADIENT FOR STATE 1.1

 Atom          dE/dx               dE/dy               dE/dz

   1        -0.000000141         0.006363041         0.013469330
   2        -0.000000243         0.000913661        -0.008073506
   3         0.000000028         0.001312600         0.001904624
   4         0.000000207        -0.000634566         0.000641998
   5        -0.000000022        -0.007963957        -0.008012091
   6         0.000000172         0.000009221         0.000069644
--
 RSPT2 GRADIENT FOR STATE 1.1

 Atom          dE/dx               dE/dy               dE/dz

   1         0.000118904         0.008016311         0.008107538
   2        -0.000277939         0.000013682        -0.000042228
   3         0.000116445        -0.000066747        -0.000069104
   4         0.000069533         0.000096753        -0.000027249
   5         0.000007968        -0.007962964        -0.008022796
   6        -0.000034910        -0.000097034         0.000053839
--
 RSPT2 GRADIENT FOR STATE 1.1

 Atom          dE/dx               dE/dy               dE/dz

   1        -0.000119178         0.008016310         0.008107538
   2         0.000277452         0.000013674        -0.000042234
   3        -0.000116384        -0.000066736        -0.000069096
   4        -0.000069129         0.000096751        -0.000027250
   5        -0.000008012        -0.007962964        -0.008022796
   6         0.000035252        -0.000097034         0.000053839
--
 RSPT2 GRADIENT FOR STATE 1.1

 Atom          dE/dx               dE/dy               dE/dz

   1        -0.000000137         0.008095508         0.008185576
   2        -0.000000240        -0.001824713        -0.001424320
   3         0.000000026         0.001824464         0.001456409
   4         0.000000202        -0.000034932        -0.000239827
   5        -0.000000022        -0.007964735        -0.008025100
   6         0.000000171        -0.000095593         0.000047261
--
 RSPT2 GRADIENT FOR STATE 1.1

 Atom          dE/dx               dE/dy               dE/dz

   1        -0.000000137         0.007936841         0.008026398
   2        -0.000000249         0.001881891         0.001392952
   3         0.000000036        -0.001989449        -0.001646266
   4         0.000000202         0.000230387         0.000186968
   5        -0.000000022        -0.007961273        -0.008020587
   6         0.000000171        -0.000098397         0.000060536
--
 RSPT2 GRADIENT FOR STATE 1.1

 Atom          dE/dx               dE/dy               dE/dz

   1        -0.000000136         0.007828278         0.007845586
   2        -0.000000241        -0.001422701        -0.002017897
   3         0.000000027         0.001456906         0.002061105
   4         0.000000202         0.000172508         0.000043293
   5        -0.000000022        -0.007955970        -0.008017583
   6         0.000000171        -0.000079021         0.000085496
--
 RSPT2 GRADIENT FOR STATE 1.1

 Atom          dE/dx               dE/dy               dE/dz

   1        -0.000000138         0.008206206         0.008370277
   2        -0.000000248         0.001505485         0.001977002
   3         0.000000035        -0.001645859        -0.002242411
   4         0.000000202         0.000019397        -0.000098714
   5        -0.000000022        -0.007970083        -0.008028131
   6         0.000000171        -0.000115147         0.000021977
--
 RSPT2 GRADIENT FOR STATE 1.1

 Atom          dE/dx               dE/dy               dE/dz

   1        -0.000040756         0.008016394         0.008107415
   2        -0.000279957         0.000026688        -0.000038647
   3         0.000069354        -0.000072038        -0.000074948
   4         0.000161662         0.000088951        -0.000024967
   5        -0.000005270        -0.007962987        -0.008022818
   6         0.000094966        -0.000097009         0.000053964
--
 RSPT2 GRADIENT FOR STATE 1.1

 Atom          dE/dx               dE/dy               dE/dz

   1         0.000040482         0.008016395         0.008107415
   2         0.000279468         0.000026653        -0.000038637
   3        -0.000069293        -0.000072038        -0.000074947
   4        -0.000161258         0.000088986        -0.000024976
   5         0.000005225        -0.007962987        -0.008022818
   6        -0.000094625        -0.000097009         0.000053963
--
 RSPT2 GRADIENT FOR STATE 1.1

 Atom          dE/dx               dE/dy               dE/dz

   1        -0.000000137         0.007983544         0.008133904
   2        -0.000000228        -0.003374298         0.000710704
   3         0.000000032        -0.000205105         0.000001703
   4         0.000000184         0.003651788        -0.000867887
   5        -0.000000022        -0.007964808        -0.008028835
   6         0.000000172        -0.000091120         0.000050410
--
 RSPT2 GRADIENT FOR STATE 1.1

 Atom          dE/dx               dE/dy               dE/dz

   1        -0.000000137         0.008050776         0.008079085
   2        -0.000000260         0.003313427        -0.000748324
   3         0.000000030         0.000060206        -0.000151406
   4         0.000000219        -0.003360374         0.000780372
   5        -0.000000022        -0.007961225        -0.008016848
   6         0.000000170        -0.000102809         0.000057121
--
 RSPT2 GRADIENT FOR STATE 1.1

 Atom          dE/dx               dE/dy               dE/dz

   1        -0.000000138         0.008295522         0.008020319
   2        -0.000000249         0.000763868        -0.000706762
   3         0.000000032        -0.000285296        -0.000003878
   4         0.000000206        -0.000728126         0.000696195
   5        -0.000000022        -0.007962098        -0.008021349
   6         0.000000171        -0.000083871         0.000015475
--
 RSPT2 GRADIENT FOR STATE 1.1

 Atom          dE/dx               dE/dy               dE/dz

   1        -0.000000136         0.007735999         0.008194489
   2        -0.000000240        -0.000722739         0.000627003
   3         0.000000030         0.000141487        -0.000145886
   4         0.000000198         0.000919629        -0.000743660
   5        -0.000000022        -0.007963954        -0.008024366
   6         0.000000171        -0.000110423         0.000092419
--
 RSPT2 GRADIENT FOR STATE 1.1

 Atom          dE/dx               dE/dy               dE/dz

   1        -0.000027091         0.008016399         0.008107263
   2        -0.000000398         0.000018905        -0.000036401
   3         0.000008027        -0.000072053        -0.000074823
   4        -0.000005054         0.000096688        -0.000027075
   5         0.000025912        -0.007962892        -0.008022730
   6        -0.000001396        -0.000097047         0.000053765
--
 RSPT2 GRADIENT FOR STATE 1.1

 Atom          dE/dx               dE/dy               dE/dz

   1         0.000026817         0.008016399         0.008107263
   2        -0.000000090         0.000018905        -0.000036401
   3        -0.000007966        -0.000072053        -0.000074823
   4         0.000005458         0.000096688        -0.000027075
   5        -0.000025956        -0.007962891        -0.008022729
   6         0.000001738        -0.000097048         0.000053765
--
 RSPT2 GRADIENT FOR STATE 1.1

 Atom          dE/dx               dE/dy               dE/dz

   1        -0.000000137         0.008060263         0.008194780
   2        -0.000000245         0.000033817        -0.000035247
   3         0.000000031        -0.000073784        -0.000067734
   4         0.000000202         0.000094893        -0.000026145
   5        -0.000000023        -0.008020188        -0.008111488
   6         0.000000171        -0.000095001         0.000045834
--
 RSPT2 GRADIENT FOR STATE 1.1

 Atom          dE/dx               dE/dy               dE/dz

   1        -0.000000137         0.007972778         0.008020851
   2        -0.000000244         0.000004141        -0.000037535
   3         0.000000031        -0.000070322        -0.000081847
   4         0.000000202         0.000098475        -0.000028001
   5        -0.000000022        -0.007905947        -0.007934985
   6         0.000000171        -0.000099125         0.000061517
--
 RSPT2 GRADIENT FOR STATE 1.1

 Atom          dE/dx               dE/dy               dE/dz

   1        -0.000000137         0.008102504         0.008168994
   2        -0.000000245         0.000024498        -0.000046979
   3         0.000000031        -0.000074313        -0.000069536
   4         0.000000202         0.000090656        -0.000025560
   5        -0.000000023        -0.008051666        -0.008082678
   6         0.000000171        -0.000091679         0.000055760
--
 RSPT2 GRADIENT FOR STATE 1.1

 Atom          dE/dx               dE/dy               dE/dz

   1        -0.000000137         0.007931428         0.008046075
   2        -0.000000244         0.000013253        -0.000026028
   3         0.000000031        -0.000069800        -0.000080085
   4         0.000000202         0.000102642        -0.000028576
   5        -0.000000022        -0.007875162        -0.007963191
   6         0.000000171        -0.000102361         0.000051805
--
 RSPT2 GRADIENT FOR STATE 1.1

 Atom          dE/dx               dE/dy               dE/dz

   1        -0.000216351         0.008008972         0.008112450
   2         0.000003366         0.000019086        -0.000037220
   3        -0.000035043        -0.000072065        -0.000074930
   4         0.000094986         0.000096810        -0.000027158
   5        -0.000001583        -0.007962996        -0.008022858
   6         0.000154624        -0.000089807         0.000049716
--
 RSPT2 GRADIENT FOR STATE 1.1

 Atom          dE/dx               dE/dy               dE/dz

   1         0.000216076         0.008008983         0.008112443
   2        -0.000003854         0.000019087        -0.000037219
   3         0.000035105        -0.000072065        -0.000074930
   4        -0.000094583         0.000096809        -0.000027158
   5         0.000001538        -0.007962996        -0.008022858
   6        -0.000154282        -0.000089818         0.000049722
--
 RSPT2 GRADIENT FOR STATE 1.1

 Atom          dE/dx               dE/dy               dE/dz

   1        -0.000000142         0.005113060         0.009719068
   2        -0.000000245         0.000064058        -0.000141231
   3         0.000000031        -0.000070618        -0.000056774
   4         0.000000202         0.000102577        -0.000013739
   5        -0.000000022        -0.007960905        -0.008017488
   6         0.000000176         0.002751829        -0.001489836
--
 RSPT2 GRADIENT FOR STATE 1.1

 Atom          dE/dx               dE/dy               dE/dz

   1        -0.000000132         0.010986259         0.006440916
   2        -0.000000244        -0.000027451         0.000069588
   3         0.000000031        -0.000073421        -0.000092900
   4         0.000000202         0.000090888        -0.000040291
   5        -0.000000022        -0.007965029        -0.008028169
   6         0.000000166        -0.003011246         0.001650856
--
 RSPT2 GRADIENT FOR STATE 1.1

 Atom          dE/dx               dE/dy               dE/dz

   1        -0.000000134         0.009335657         0.006948969
   2        -0.000000245         0.000297672        -0.000051343
   3         0.000000031        -0.000078708        -0.000042961
   4         0.000000203         0.000093434        -0.000065723
   5        -0.000000022        -0.007970809        -0.008020840
   6         0.000000168        -0.001677247         0.001231897
--
 RSPT2 GRADIENT FOR STATE 1.1

 Atom          dE/dx               dE/dy               dE/dz

   1        -0.000000140         0.006714761         0.009269800
   2        -0.000000244        -0.000257236        -0.000022170
   3         0.000000031        -0.000065432        -0.000106477
   4         0.000000202         0.000100143         0.000011223
   5        -0.000000022        -0.007955127        -0.008024794
   6         0.000000174         0.001462890        -0.001127581
