 RSPT2 GRADIENT FOR STATE 1.1

 Atom          dE/dx               dE/dy               dE/dz

   1         0.000000031        -0.003754773        -0.008925998
   2        -0.000000077         0.001332706         0.006233026
   3        -0.000000056         0.005632490         0.004762700
   4         0.000000105        -0.007715613         0.001188910
   5        -0.000000023        -0.004664754        -0.005060772
   6         0.000000021         0.009169944         0.001802133
--
 RSPT2 GRADIENT FOR STATE 1.1

 Atom          dE/dx               dE/dy               dE/dz

   1         0.000000083        -0.002662267        -0.005900192
   2        -0.000000062         0.000983519         0.005429917
   3        -0.000000007         0.004433985         0.003527287
   4         0.000000032        -0.005870698         0.001066356
   5        -0.000000013        -0.004364863        -0.005345849
   6        -0.000000033         0.007480325         0.001222482
--
 RSPT2 GRADIENT FOR STATE 1.1

 Atom          dE/dx               dE/dy               dE/dz

   1        -0.000000777        -0.025553919        -0.063464931
   2        -0.000001361        -0.011150841         0.038260795
   3        -0.000008174         0.044889141         0.036010168
   4         0.000008748        -0.060253470         0.013302463
   5        -0.000000507        -0.004624304        -0.004802641
   6         0.000002072         0.056693393        -0.019305853
--
 RSPT2 GRADIENT FOR STATE 1.1

 Atom          dE/dx               dE/dy               dE/dz

   1        -0.000003501        -0.023069421         0.008761691
   2        -0.000000157         0.003922723         0.002677206
   3        -0.000000438         0.001972109        -0.001649113
   4         0.000001305        -0.004157981         0.000031778
   5        -0.000000032        -0.004847547        -0.004842044
   6         0.000002822         0.026180117        -0.004979518
--
 RSPT2 GRADIENT FOR STATE 1.1

 Atom          dE/dx               dE/dy               dE/dz

   1         0.000002914        -0.005764145         0.013217893
   2        -0.000000007         0.002366890        -0.001814853
   3         0.000000334        -0.003586820        -0.005757953
   4        -0.000001162         0.005031264        -0.000902194
   5         0.000000175        -0.005114037        -0.004560625
   6        -0.000002254         0.007066849        -0.000182268
--
 RSPT2 GRADIENT FOR STATE 1.1

 Atom          dE/dx               dE/dy               dE/dz

   1        -0.000008449         0.005780883         0.000004251
   2        -0.000000118        -0.001394316         0.002152464
   3        -0.000002494         0.002104131         0.002078333
   4         0.000004992        -0.002992190         0.000825820
   5        -0.000000632        -0.004961193        -0.004825686
   6         0.000006701         0.001462685        -0.000235182
--
 RSPT2 GRADIENT FOR STATE 1.1

 Atom          dE/dx               dE/dy               dE/dz

   1         0.000036870         0.004669533         0.012203498
   2        -0.000000644         0.000902885        -0.003552394
   3         0.000004463        -0.003279634        -0.003854212
   4        -0.000015174         0.005372122        -0.001124164
   5         0.000003734        -0.004654919        -0.005189237
   6        -0.000029248        -0.003009987         0.001516508
--
 RSPT2 GRADIENT FOR STATE 1.1

 Atom          dE/dx               dE/dy               dE/dz

   1         0.000008723         0.004425086         0.010274061
   2         0.000000049         0.000630527        -0.002481087
   3         0.000001350        -0.002283080        -0.002673443
   4        -0.000003939         0.003732911        -0.000801029
   5         0.000000327        -0.004582936        -0.005243891
   6        -0.000006510        -0.001922509         0.000925389
--
 RSPT2 GRADIENT FOR STATE 1.1

 Atom          dE/dx               dE/dy               dE/dz

   1         0.000002953         0.004400646         0.007865269
   2         0.000000024         0.000271302        -0.001263579
   3         0.000000595        -0.001128688        -0.001339993
   4        -0.000001479         0.001873372        -0.000403367
   5         0.000000261        -0.004583996        -0.005235240
   6        -0.000002354        -0.000832636         0.000376911
--
 RSPT2 GRADIENT FOR STATE 1.1

 Atom          dE/dx               dE/dy               dE/dz

   1         0.000003743         0.004622348         0.004237572
   2         0.000000076        -0.000170821         0.000478714
   3         0.000000718         0.000481449         0.000544207
   4        -0.000001846        -0.000740108         0.000163001
   5         0.000000120        -0.004579388        -0.005227826
   6        -0.000002811         0.000386521        -0.000195668
--
 RSPT2 GRADIENT FOR STATE 1.1

 Atom          dE/dx               dE/dy               dE/dz

   1        -0.000000033         0.004629361         0.005718324
   2         0.000000009         0.000064197        -0.000261714
   3        -0.000000006        -0.000238942        -0.000272149
   4         0.000000007         0.000392461        -0.000084291
   5         0.000000003        -0.004580568        -0.005231557
   6         0.000000019        -0.000266510         0.000131388
--
 RSPT2 GRADIENT FOR STATE 1.1

 Atom          dE/dx               dE/dy               dE/dz

   1         0.000000044         0.004545763         0.005375993
   2         0.000000011         0.000018281        -0.000033232
   3        -0.000000001        -0.000056499        -0.000056180
   4        -0.000000020         0.000092442        -0.000012709
   5        -0.000000004        -0.004528931        -0.005271426
   6        -0.000000030        -0.000071055        -0.000002446
--
 RSPT2 GRADIENT FOR STATE 1.1

 Atom          dE/dx               dE/dy               dE/dz

   1         0.000000729         0.004899754         0.001197248
   2         0.000000017        -0.000761137         0.001929725
   3         0.000000059         0.001858597         0.002176957
   4        -0.000000277        -0.003214478         0.000742788
   5        -0.000000029        -0.004843366        -0.004965629
   6        -0.000000499         0.002060629        -0.001081089
--
 RSPT2 GRADIENT FOR STATE 1.1

 Atom          dE/dx               dE/dy               dE/dz

   1        -0.000000095         0.004592304         0.005236209
   2         0.000000007        -0.000004202        -0.000005706
   3        -0.000000014         0.000001611         0.000004605
   4         0.000000036        -0.000004460         0.000002074
   5         0.000000003        -0.004579720        -0.005230536
   6         0.000000064        -0.000005534        -0.000006646
--
 RSPT2 GRADIENT FOR STATE 1.1

 Atom          dE/dx               dE/dy               dE/dz

   1         0.000000240         0.010607514         0.007984953
   2        -0.000000000        -0.000078010         0.001191685
   3         0.000000042        -0.006262302        -0.006944532
   4        -0.000000121         0.009525290        -0.002007046
   5        -0.000000004        -0.004491670        -0.005176374
   6        -0.000000156        -0.009300822         0.004951314
--
 RSPT2 GRADIENT FOR STATE 1.1

 Atom          dE/dx               dE/dy               dE/dz

   1        -0.000000168         0.008172056         0.006437435
   2         0.000000010        -0.000229544         0.000565296
   3        -0.000000026        -0.003152928        -0.003605928
   4         0.000000070         0.004692327        -0.000940966
   5        -0.000000010        -0.004800728        -0.004866675
   6         0.000000125        -0.004681182         0.002410837
--
 RSPT2 GRADIENT FOR STATE 1.1

 Atom          dE/dx               dE/dy               dE/dz

   1        -0.000008523         0.028626059         0.119017613
   2        -0.000003215         0.031404860        -0.056903446
   3        -0.000006905        -0.064032385        -0.087135425
   4         0.000006348         0.111426048        -0.018009496
   5         0.000000200        -0.004508656        -0.005467462
   6         0.000012094        -0.102915926         0.048498217
--
 RSPT2 GRADIENT FOR STATE 1.1

 Atom          dE/dx               dE/dy               dE/dz

   1         0.000000349         0.013922371         0.032846558
   2        -0.000000027         0.007089990        -0.013670199
   3        -0.000000083        -0.019549378        -0.022626536
   4        -0.000000040         0.030446881        -0.006241779
   5         0.000000019        -0.004519338        -0.005232729
   6        -0.000000219        -0.027390525         0.014924685
--
 RSPT2 GRADIENT FOR STATE 1.1

 Atom          dE/dx               dE/dy               dE/dz

   1         0.000005332         0.007005094         0.010527079
   2        -0.000000091         0.000838713        -0.002511661
   3         0.000000844        -0.003488374        -0.004134401
   4        -0.000002404         0.005451696        -0.001299471
   5         0.000000033        -0.004555521        -0.005113357
   6        -0.000003713        -0.005251608         0.002531810
--
 RSPT2 GRADIENT FOR STATE 1.1

 Atom          dE/dx               dE/dy               dE/dz

   1        -0.000024504         0.003888023         0.001102381
   2         0.000000019        -0.001171456         0.002467699
   3        -0.000005011         0.002269117         0.002441653
   4         0.000011802        -0.003329101         0.000737146
   5        -0.000000577        -0.004574269        -0.005053094
   6         0.000018271         0.002917686        -0.001695785
--
 RSPT2 GRADIENT FOR STATE 1.1

 Atom          dE/dx               dE/dy               dE/dz

   1         0.000032847         0.004112744         0.003294403
   2        -0.000000074        -0.000436348         0.001050793
   3         0.000007221         0.001018270         0.001149456
   4        -0.000016465        -0.001534861         0.000339908
   5         0.000001406        -0.004569646        -0.005064212
   6        -0.000024935         0.001409840        -0.000770348
--
 RSPT2 GRADIENT FOR STATE 1.1

 Atom          dE/dx               dE/dy               dE/dz

   1         0.000001357         0.004305062         0.004194576
   2         0.000000031        -0.000192748         0.000512273
   3        -0.000000167         0.000506189         0.000584034
   4        -0.000000231        -0.000773868         0.000166730
   5        -0.000000306        -0.004568614        -0.005068743
   6        -0.000000684         0.000723979        -0.000388870
--
 RSPT2 GRADIENT FOR STATE 1.1

 Atom          dE/dx               dE/dy               dE/dz

   1        -0.000000326         0.004380657         0.004458838
   2         0.000000025        -0.000130180         0.000360613
   3        -0.000000042         0.000351734         0.000408352
   4         0.000000114        -0.000541272         0.000114972
   5         0.000000015        -0.004568290        -0.005070232
   6         0.000000214         0.000507351        -0.000272543
--
 RSPT2 GRADIENT FOR STATE 1.1

 Atom          dE/dx               dE/dy               dE/dz

   1         0.000000038         0.004622096         0.005203457
   2         0.000000021         0.000031361        -0.000062481
   3         0.000000000        -0.000087317        -0.000100454
   4        -0.000000027         0.000125949        -0.000029162
   5        -0.000000001        -0.004567434        -0.005074615
   6        -0.000000032        -0.000124655         0.000063255
--
 RSPT2 GRADIENT FOR STATE 1.1

 Atom          dE/dx               dE/dy               dE/dz

   1         0.000394841         0.004570948         0.005093280
   2        -0.000243549         0.000005224        -0.000005118
   3         0.000123047        -0.000015563        -0.000017314
   4        -0.000043253         0.000021658        -0.000005306
   5        -0.000014893        -0.004567439        -0.005073836
   6        -0.000216193        -0.000014828         0.000008294
--
 RSPT2 GRADIENT FOR STATE 1.1

 Atom          dE/dx               dE/dy               dE/dz

   1         0.000000000         0.008960647         0.001905712
   2        -0.000000000        -0.001348305         0.001773938
   3         0.000000000         0.000068969        -0.000187103
   4        -0.000000000        -0.000026575         0.000275592
   5        -0.000000000        -0.004545391        -0.005024255
   6        -0.000000000        -0.003109346         0.001256117
--
 RSPT2 GRADIENT FOR STATE 1.1

 Atom          dE/dx               dE/dy               dE/dz

   1        -0.000000000         0.000274673         0.008242463
   2         0.000000000         0.001350430        -0.001806428
   3         0.000000000        -0.000098772         0.000152774
   4        -0.000000000         0.000070874        -0.000286328
   5         0.000000000        -0.004589438        -0.005123791
   6        -0.000000000         0.002992233        -0.001178689
--
 RSPT2 GRADIENT FOR STATE 1.1

 Atom          dE/dx               dE/dy               dE/dz

   1         0.000000000         0.001380688         0.011648415
   2        -0.000000000         0.001476173        -0.005225928
   3        -0.000000000         0.000080205        -0.000289244
   4         0.000000000         0.000055554        -0.000079414
   5        -0.000000000        -0.004517948        -0.005032526
   6         0.000000000         0.001525327        -0.001021303
--
 RSPT2 GRADIENT FOR STATE 1.1

 Atom          dE/dx               dE/dy               dE/dz

   1         0.000000000         0.007717689        -0.001293498
   2        -0.000000000        -0.001394572         0.005053912
   3        -0.000000000        -0.000111588         0.000249867
   4         0.000000000        -0.000011152         0.000067517
   5        -0.000000000        -0.004617659        -0.005115516
   6        -0.000000000        -0.001582719         0.001037718
--
 RSPT2 GRADIENT FOR STATE 1.1

 Atom          dE/dx               dE/dy               dE/dz

   1        -0.000243531         0.004578506         0.005091112
   2         0.000797302         0.000007630        -0.000013363
   3        -0.000277859        -0.000011773        -0.000012474
   4        -0.000279096         0.000015209        -0.000003104
   5        -0.000000159        -0.004567544        -0.005073915
   6         0.000003342        -0.000022027         0.000011744
--
 RSPT2 GRADIENT FOR STATE 1.1

 Atom          dE/dx               dE/dy               dE/dz

   1        -0.000000000         0.003233354         0.006532376
   2         0.000000000         0.006357861        -0.000876064
   3        -0.000000000        -0.001735041        -0.001485042
   4        -0.000000000        -0.003315654         0.000599294
   5        -0.000000000        -0.004556863        -0.005067043
   6        -0.000000000         0.000016344         0.000296478
--
 RSPT2 GRADIENT FOR STATE 1.1

 Atom          dE/dx               dE/dy               dE/dz

   1         0.000000000         0.005932095         0.003662527
   2        -0.000000000        -0.006453110         0.000915854
   3         0.000000000         0.001692565         0.001412225
   4         0.000000000         0.003465934        -0.000638661
   5        -0.000000000        -0.004578090        -0.005080599
   6        -0.000000000        -0.000059394        -0.000271347
--
 RSPT2 GRADIENT FOR STATE 1.1

 Atom          dE/dx               dE/dy               dE/dz

   1        -0.000000000         0.006331340         0.000029088
   2         0.000000000        -0.000826044         0.007813882
   3         0.000000000        -0.001431973        -0.002162910
   4        -0.000000000         0.000615959        -0.000607361
   5         0.000000000        -0.004564655        -0.005078067
   6         0.000000000        -0.000124628         0.000005367
--
 RSPT2 GRADIENT FOR STATE 1.1

 Atom          dE/dx               dE/dy               dE/dz

   1         0.000000000         0.002750072         0.010308810
   2         0.000000000         0.000966131        -0.007945277
   3         0.000000000         0.001351021         0.002084775
   4        -0.000000000        -0.000580285         0.000601184
   5         0.000000000        -0.004570238        -0.005069470
   6        -0.000000000         0.000083300         0.000019978
--
 RSPT2 GRADIENT FOR STATE 1.1

 Atom          dE/dx               dE/dy               dE/dz

   1         0.000123032         0.004575524         0.005098465
   2        -0.000277870         0.000002248        -0.000019388
   3         0.000111470        -0.000010294        -0.000011562
   4         0.000072680         0.000021534        -0.000005056
   5         0.000004593        -0.004567518        -0.005073897
   6        -0.000033905        -0.000021495         0.000011437
--
 RSPT2 GRADIENT FOR STATE 1.1

 Atom          dE/dx               dE/dy               dE/dz

   1         0.000000000         0.004659356         0.005192857
   2        -0.000000000        -0.001699726        -0.001385868
   3        -0.000000000         0.001735549         0.001493453
   4         0.000000000        -0.000105142        -0.000227173
   5        -0.000000000        -0.004569277        -0.005076163
   6        -0.000000000        -0.000020759         0.000002894
--
 RSPT2 GRADIENT FOR STATE 1.1

 Atom          dE/dx               dE/dy               dE/dz

   1         0.000000000         0.004491616         0.005001059
   2        -0.000000000         0.001727907         0.001396917
   3         0.000000000        -0.001781652        -0.001565208
   4        -0.000000000         0.000150139         0.000218833
   5        -0.000000000        -0.004565812        -0.005071698
   6        -0.000000000        -0.000022198         0.000020097
--
 RSPT2 GRADIENT FOR STATE 1.1

 Atom          dE/dx               dE/dy               dE/dz

   1         0.000000000         0.004406437         0.004829273
   2        -0.000000000        -0.001418015        -0.002117948
   3        -0.000000000         0.001490695         0.002255527
   4         0.000000000         0.000088176         0.000058219
   5        -0.000000000        -0.004562989        -0.005069912
   6        -0.000000000        -0.000004303         0.000044840
--
 RSPT2 GRADIENT FOR STATE 1.1

 Atom          dE/dx               dE/dy               dE/dz

   1         0.000000000         0.004746334         0.005368369
   2        -0.000000000         0.001479416         0.002129811
   3        -0.000000000        -0.001568157        -0.002328713
   4         0.000000000        -0.000046669        -0.000069332
   5        -0.000000000        -0.004572128        -0.005077971
   6         0.000000000        -0.000038796        -0.000022165
--
 RSPT2 GRADIENT FOR STATE 1.1

 Atom          dE/dx               dE/dy               dE/dz

   1        -0.000043254         0.004575617         0.005098317
   2        -0.000279099         0.000015014        -0.000015196
   3         0.000072672        -0.000015304        -0.000017655
   4         0.000158825         0.000013676        -0.000003122
   5        -0.000003019        -0.004567531        -0.005073911
   6         0.000093875        -0.000021472         0.000011567
--
 RSPT2 GRADIENT FOR STATE 1.1

 Atom          dE/dx               dE/dy               dE/dz

   1         0.000000000         0.004527610         0.005130799
   2        -0.000000000        -0.003434998         0.000600088
   3         0.000000000        -0.000143267         0.000049844
   4        -0.000000000         0.003636112        -0.000712276
   5        -0.000000000        -0.004568732        -0.005077996
   6        -0.000000000        -0.000016724         0.000009541
--
 RSPT2 GRADIENT FOR STATE 1.1

 Atom          dE/dx               dE/dy               dE/dz

   1         0.000000000         0.004625055         0.005064105
   2        -0.000000000         0.003346588        -0.000596590
   3         0.000000000         0.000112006        -0.000084998
   4        -0.000000000        -0.003491142         0.000674113
   5        -0.000000000        -0.004566367        -0.005069859
   6        -0.000000000        -0.000026139         0.000013229
--
 RSPT2 GRADIENT FOR STATE 1.1

 Atom          dE/dx               dE/dy               dE/dz

   1        -0.000000000         0.004856011         0.005024817
   2         0.000000000         0.000629154        -0.000620798
   3         0.000000000        -0.000238283         0.000046193
   4        -0.000000000        -0.000673962         0.000649444
   5         0.000000000        -0.004567133        -0.005073175
   6        -0.000000000        -0.000005787        -0.000026481
--
 RSPT2 GRADIENT FOR STATE 1.1

 Atom          dE/dx               dE/dy               dE/dz

   1        -0.000000000         0.004294090         0.005171729
   2         0.000000000        -0.000608329         0.000587791
   3         0.000000000         0.000207710        -0.000081360
   4        -0.000000000         0.000711984        -0.000652993
   5         0.000000000        -0.004567982        -0.005074702
   6        -0.000000000        -0.000037474         0.000049534
--
 RSPT2 GRADIENT FOR STATE 1.1

 Atom          dE/dx               dE/dy               dE/dz

   1        -0.000014891         0.004575660         0.005098247
   2        -0.000000158         0.000007208        -0.000013352
   3         0.000004596        -0.000015340        -0.000017525
   4        -0.000003023         0.000021472        -0.000004871
   5         0.000014473        -0.004567483        -0.005073863
   6        -0.000000998        -0.000021516         0.000011363
--
 RSPT2 GRADIENT FOR STATE 1.1

 Atom          dE/dx               dE/dy               dE/dz

   1         0.000000000         0.004597738         0.005148419
   2        -0.000000000         0.000017878        -0.000010542
   3        -0.000000000        -0.000017077        -0.000012933
   4         0.000000000         0.000020287        -0.000004446
   5        -0.000000000        -0.004599744        -0.005128542
   6        -0.000000000        -0.000019081         0.000008044
--
 RSPT2 GRADIENT FOR STATE 1.1

 Atom          dE/dx               dE/dy               dE/dz

   1         0.000000000         0.004553691         0.005048709
   2        -0.000000000        -0.000003350        -0.000016130
   3        -0.000000000        -0.000013612        -0.000022072
   4         0.000000000         0.000022652        -0.000005295
   5        -0.000000000        -0.004535429        -0.005019804
   6         0.000000000        -0.000023952         0.000014591
--
 RSPT2 GRADIENT FOR STATE 1.1

 Atom          dE/dx               dE/dy               dE/dz

   1         0.000000000         0.004625790         0.005139968
   2        -0.000000000         0.000013992        -0.000017706
   3        -0.000000000        -0.000017580        -0.000013480
   4         0.000000000         0.000017375        -0.000004104
   5        -0.000000000        -0.004622206        -0.005118291
   6        -0.000000000        -0.000017371         0.000013613
--
 RSPT2 GRADIENT FOR STATE 1.1

 Atom          dE/dx               dE/dy               dE/dz

   1         0.000000000         0.004526252         0.005056978
   2        -0.000000000         0.000000437        -0.000009112
   3         0.000000000        -0.000013115        -0.000021539
   4         0.000000000         0.000025513        -0.000005631
   5         0.000000000        -0.004513467        -0.005029836
   6        -0.000000000        -0.000025620         0.000009141
--
 RSPT2 GRADIENT FOR STATE 1.1

 Atom          dE/dx               dE/dy               dE/dz

   1        -0.000216193         0.004568014         0.005102987
   2         0.000003338         0.000007391        -0.000014119
   3        -0.000033893        -0.000015343        -0.000017628
   4         0.000093864         0.000021591        -0.000004946
   5        -0.000000995        -0.004567540        -0.005073941
   6         0.000153878        -0.000014112         0.000007647
--
 RSPT2 GRADIENT FOR STATE 1.1

 Atom          dE/dx               dE/dy               dE/dz

   1         0.000000000         0.001561493         0.006626041
   2        -0.000000000         0.000044461        -0.000116752
   3         0.000000000        -0.000014592        -0.000000289
   4        -0.000000000         0.000026221         0.000011034
   5        -0.000000000        -0.004565090        -0.005069799
   6        -0.000000000         0.002947506        -0.001450236
--
 RSPT2 GRADIENT FOR STATE 1.1

 Atom          dE/dx               dE/dy               dE/dz

   1        -0.000000000         0.007663087         0.003517404
   2         0.000000000        -0.000031277         0.000091155
   3        -0.000000000        -0.000016029        -0.000034782
   4         0.000000000         0.000016805        -0.000020652
   5         0.000000000        -0.004569961        -0.005078046
   6         0.000000000        -0.003062625         0.001524921
--
 RSPT2 GRADIENT FOR STATE 1.1

 Atom          dE/dx               dE/dy               dE/dz

   1        -0.000000000         0.005799038         0.004071908
   2         0.000000000         0.000292453        -0.000020929
   3        -0.000000000        -0.000023963         0.000016078
   4         0.000000000         0.000019744        -0.000043050
   5         0.000000000        -0.004570789        -0.005071671
   6         0.000000000        -0.001516482         0.001047665
--
 RSPT2 GRADIENT FOR STATE 1.1

 Atom          dE/dx               dE/dy               dE/dz

   1         0.000000000         0.003364869         0.006130938
   2        -0.000000000        -0.000275378        -0.000006339
   3         0.000000000        -0.000006760        -0.000050926
   4        -0.000000000         0.000023431         0.000032965
   5        -0.000000000        -0.004564243        -0.005076144
   6        -0.000000000         0.001458081        -0.001030494
