 RSPT2 GRADIENT FOR STATE 1.1

 Atom          dE/dx               dE/dy               dE/dz

   1         0.000000231         0.027454762         0.020265232
   2        -0.000000067         0.002630511         0.002401233
   3        -0.000000151         0.006640088         0.005059945
   4         0.000000164        -0.008259505         0.003239619
   5        -0.000000227        -0.038560790        -0.028891649
   6         0.000000050         0.010094935        -0.002074379
--
 RSPT2 GRADIENT FOR STATE 1.1

 Atom          dE/dx               dE/dy               dE/dz

   1        -0.000000006         0.026779245         0.025289958
   2        -0.000000040         0.002986671         0.002656940
   3         0.000000214         0.004880444         0.003853612
   4        -0.000000193        -0.005915002         0.002396191
   5         0.000000215        -0.035885702        -0.031740663
   6        -0.000000190         0.007154344        -0.002456038
--
 RSPT2 GRADIENT FOR STATE 1.1

 Atom          dE/dx               dE/dy               dE/dz

   1         0.000001075         0.032428564         0.026302830
   2        -0.000000074         0.001564019         0.001411155
   3        -0.000000711         0.002360394         0.001737448
   4         0.000000595        -0.002939031         0.001254259
   5        -0.000001145        -0.037445053        -0.029871759
   6         0.000000260         0.004031107        -0.000833933
--
 RSPT2 GRADIENT FOR STATE 1.1

 Atom          dE/dx               dE/dy               dE/dz

   1        -0.000009569         0.038102503         0.028662530
   2        -0.000000086        -0.000068015         0.000175645
   3         0.000010213        -0.000273229        -0.000357862
   4        -0.000009261         0.000375390        -0.000061041
   5         0.000016040        -0.038046887        -0.028752512
   6        -0.000007336        -0.000089762         0.000333240
--
 RSPT2 GRADIENT FOR STATE 1.1

 Atom          dE/dx               dE/dy               dE/dz

   1         0.000029954         0.038160413         0.028699349
   2         0.000000202        -0.000100719         0.000120642
   3        -0.000033368        -0.000209607        -0.000276515
   4         0.000030617         0.000305293        -0.000049770
   5        -0.000051932        -0.038046167        -0.028729706
   6         0.000024528        -0.000109213         0.000235999
--
 RSPT2 GRADIENT FOR STATE 1.1

 Atom          dE/dx               dE/dy               dE/dz

   1         0.000002917         0.038025227         0.028649006
   2        -0.000000006        -0.000092768         0.000030793
   3        -0.000002488         0.000096995         0.000042965
   4         0.000002140        -0.000063379         0.000048844
   5        -0.000004050        -0.038039171        -0.028702161
   6         0.000001485         0.000073095        -0.000069446
--
 RSPT2 GRADIENT FOR STATE 1.1

 Atom          dE/dx               dE/dy               dE/dz

   1        -0.000001540         0.038109740         0.028733970
   2        -0.000000019         0.000001623        -0.000040696
   3        -0.000000426        -0.000052994        -0.000040729
   4         0.000000841         0.000067028        -0.000031190
   5        -0.000000069        -0.038059145        -0.028678049
   6         0.000001213        -0.000066252         0.000056695
--
 RSPT2 GRADIENT FOR STATE 1.1

 Atom          dE/dx               dE/dy               dE/dz

   1        -0.000000778         0.037618390         0.029117455
   2        -0.000000018         0.000145376         0.000094643
   3         0.000003176        -0.000010537         0.000016505
   4        -0.000003372         0.000042404        -0.000012585
   5         0.000004258        -0.037706774        -0.029108631
   6        -0.000003266        -0.000088859        -0.000107387
--
 RSPT2 GRADIENT FOR STATE 1.1

 Atom          dE/dx               dE/dy               dE/dz

   1         0.000000265         0.038054840         0.028690887
   2        -0.000000030        -0.000002539         0.000001618
   3         0.000002893        -0.000002399        -0.000001559
   4        -0.000003284         0.000001668         0.000000755
   5         0.000003571        -0.038048917        -0.028690262
   6        -0.000003415        -0.000002653        -0.000001440
--
 RSPT2 GRADIENT FOR STATE 1.1

 Atom          dE/dx               dE/dy               dE/dz

   1         0.000001877         0.045907036         0.031232367
   2        -0.000000098         0.000369118         0.001333268
   3         0.000000115        -0.007604043        -0.005448560
   4        -0.000000507         0.008916623        -0.003772994
   5        -0.000000638        -0.038860196        -0.029469042
   6        -0.000000749        -0.008728538         0.006124960
--
 RSPT2 GRADIENT FOR STATE 1.1

 Atom          dE/dx               dE/dy               dE/dz

   1        -0.000000915         0.044898366         0.027100509
   2         0.000000019        -0.000860398        -0.000075120
   3        -0.000000203        -0.003125347        -0.002411009
   4         0.000000436         0.003282999        -0.001453212
   5         0.000000033        -0.041159369        -0.026150382
   6         0.000000631        -0.003036251         0.002989214
--
 RSPT2 GRADIENT FOR STATE 1.1

 Atom          dE/dx               dE/dy               dE/dz

   1         0.000011684         0.062071735         0.032506864
   2        -0.000001778         0.000449973         0.005080569
   3         0.000002518        -0.023960148        -0.017606113
   4        -0.000005350         0.028777468        -0.011968606
   5        -0.000005959        -0.039522146        -0.028763094
   6        -0.000001114        -0.027816882         0.020750379
--
 RSPT2 GRADIENT FOR STATE 1.1

 Atom          dE/dx               dE/dy               dE/dz

   1         0.000003645         0.040151163         0.029011866
   2        -0.000000074        -0.000134138         0.000310937
   3         0.000000912        -0.000648233        -0.000495788
   4        -0.000001797         0.000746033        -0.000329051
   5        -0.000000007        -0.039218778        -0.028995655
   6        -0.000002679        -0.000896047         0.000497691
--
 RSPT2 GRADIENT FOR STATE 1.1

 Atom          dE/dx               dE/dy               dE/dz

   1        -0.000001514         0.038970669         0.029056436
   2         0.000000385        -0.000017738        -0.000090426
   3        -0.000012573         0.000270084         0.000190823
   4         0.000014181        -0.000310668         0.000113892
   5        -0.000015346        -0.039200313        -0.029045673
   6         0.000014867         0.000287967        -0.000225052
--
 RSPT2 GRADIENT FOR STATE 1.1

 Atom          dE/dx               dE/dy               dE/dz

   1        -0.000008193         0.038954987         0.029065067
   2         0.000000276        -0.000011678        -0.000094813
   3        -0.000003184         0.000270517         0.000192522
   4         0.000005190        -0.000311910         0.000115468
   5        -0.000001382        -0.039196590        -0.029051435
   6         0.000007293         0.000294674        -0.000226809
--
 RSPT2 GRADIENT FOR STATE 1.1

 Atom          dE/dx               dE/dy               dE/dz

   1         0.000008818         0.039024218         0.029099971
   2        -0.000000149         0.000015127        -0.000073341
   3         0.000000178         0.000134323         0.000102311
   4        -0.000002052        -0.000160358         0.000062000
   5        -0.000002591        -0.039184123        -0.029072990
   6        -0.000004205         0.000170813        -0.000117951
--
 RSPT2 GRADIENT FOR STATE 1.1

 Atom          dE/dx               dE/dy               dE/dz

   1         0.000585988         0.039123731         0.029092255
   2        -0.000258522         0.000009940        -0.000021180
   3         0.000089496         0.000035255         0.000030462
   4        -0.000020182        -0.000044888         0.000015834
   5        -0.000165294        -0.039178841        -0.029077672
   6        -0.000231486         0.000054803        -0.000039699
--
 RSPT2 GRADIENT FOR STATE 1.1

 Atom          dE/dx               dE/dy               dE/dz

   1        -0.000586602         0.039123705         0.029092256
   2         0.000258589         0.000009943        -0.000021172
   3        -0.000089278         0.000035255         0.000030463
   4         0.000020018        -0.000044888         0.000015832
   5         0.000165791        -0.039178836        -0.029077669
   6         0.000231482         0.000054820        -0.000039710
--
 RSPT2 GRADIENT FOR STATE 1.1

 Atom          dE/dx               dE/dy               dE/dz

   1        -0.000000293         0.042516481         0.026229808
   2         0.000000032        -0.000968920         0.000951740
   3         0.000000108         0.000082839        -0.000218660
   4        -0.000000081        -0.000035968         0.000290416
   5         0.000000247        -0.038964769        -0.028734588
   6        -0.000000012        -0.002629662         0.001481282
--
 RSPT2 GRADIENT FOR STATE 1.1

 Atom          dE/dx               dE/dy               dE/dz

   1        -0.000000319         0.035800969         0.031895222
   2         0.000000034         0.000981448        -0.000994563
   3         0.000000110        -0.000011385         0.000279000
   4        -0.000000083        -0.000053272        -0.000259299
   5         0.000000251        -0.039393383        -0.029424079
   6         0.000000007         0.002675623        -0.001496281
--
 RSPT2 GRADIENT FOR STATE 1.1

 Atom          dE/dx               dE/dy               dE/dz

   1        -0.000000306         0.036296821         0.036558208
   2         0.000000028         0.000732728        -0.005760781
   3         0.000000108         0.000069118        -0.000170465
   4        -0.000000082        -0.000059950        -0.000098988
   5         0.000000247        -0.038823337        -0.028994305
   6         0.000000005         0.001784621        -0.001533669
--
 RSPT2 GRADIENT FOR STATE 1.1

 Atom          dE/dx               dE/dy               dE/dz

   1        -0.000000306         0.041962287         0.021807177
   2         0.000000038        -0.000678847         0.005527925
   3         0.000000110         0.000001003         0.000228396
   4        -0.000000081        -0.000029467         0.000129503
   5         0.000000250        -0.039536869        -0.029159355
   6        -0.000000010        -0.001718108         0.001466354
--
 RSPT2 GRADIENT FOR STATE 1.1

 Atom          dE/dx               dE/dy               dE/dz

   1        -0.000258852         0.039131675         0.029089078
   2         0.000820142         0.000010771        -0.000029773
   3        -0.000283541         0.000039963         0.000034626
   4        -0.000288518        -0.000050902         0.000019272
   5         0.000001653        -0.039179774        -0.029078093
   6         0.000009117         0.000048268        -0.000035111
--
 RSPT2 GRADIENT FOR STATE 1.1

 Atom          dE/dx               dE/dy               dE/dz

   1         0.000258239         0.039131678         0.029089088
   2        -0.000820074         0.000010723        -0.000029789
   3         0.000283760         0.000039985         0.000034643
   4         0.000288355        -0.000050880         0.000019264
   5        -0.000001156        -0.039179774        -0.029078093
   6        -0.000009122         0.000048268        -0.000035113
--
 RSPT2 GRADIENT FOR STATE 1.1

 Atom          dE/dx               dE/dy               dE/dz

   1        -0.000000307         0.038159494         0.029790805
   2         0.000000056         0.006374171        -0.000563574
   3         0.000000098        -0.002340674        -0.001412188
   4        -0.000000093        -0.003127405         0.001097442
   5         0.000000249        -0.039172811        -0.029133938
   6        -0.000000002         0.000107225         0.000221453
--
 RSPT2 GRADIENT FOR STATE 1.1

 Atom          dE/dx               dE/dy               dE/dz

   1        -0.000000305         0.040109876         0.028379735
   2         0.000000009        -0.006404801         0.000623953
   3         0.000000120         0.002369788         0.001422190
   4        -0.000000070         0.003120756        -0.001113523
   5         0.000000249        -0.039185957        -0.029021583
   6        -0.000000003        -0.000009661        -0.000290771
--
 RSPT2 GRADIENT FOR STATE 1.1

 Atom          dE/dx               dE/dy               dE/dz

   1        -0.000000310         0.040084855         0.023539045
   2         0.000000041        -0.000553031         0.008199282
   3         0.000000101        -0.001371255        -0.001572589
   4        -0.000000077         0.001093089        -0.000957204
   5         0.000000248        -0.039203262        -0.029135665
   6        -0.000000003        -0.000050396        -0.000072869
--
 RSPT2 GRADIENT FOR STATE 1.1

 Atom          dE/dx               dE/dy               dE/dz

   1        -0.000000302         0.038137998         0.034827690
   2         0.000000025         0.000634684        -0.008426019
   3         0.000000117         0.001406329         0.001619331
   4        -0.000000086        -0.001173148         0.000993943
   5         0.000000249        -0.039154774        -0.029018916
   6        -0.000000002         0.000148911         0.000003972
--
 RSPT2 GRADIENT FOR STATE 1.1

 Atom          dE/dx               dE/dy               dE/dz

   1         0.000089064         0.039130109         0.029096691
   2        -0.000283628         0.000004296        -0.000034458
   3         0.000158758         0.000041545         0.000035205
   4         0.000043694        -0.000044983         0.000016181
   5         0.000039711        -0.039179655        -0.029078071
   6        -0.000047599         0.000048689        -0.000035548
--
 RSPT2 GRADIENT FOR STATE 1.1

 Atom          dE/dx               dE/dy               dE/dz

   1        -0.000089676         0.039130111         0.029096693
   2         0.000283693         0.000004319        -0.000034442
   3        -0.000158539         0.000041520         0.000035187
   4        -0.000043858        -0.000044982         0.000016182
   5        -0.000039214        -0.039179657        -0.029078072
   6         0.000047593         0.000048688        -0.000035548
--
 RSPT2 GRADIENT FOR STATE 1.1

 Atom          dE/dx               dE/dy               dE/dz

   1        -0.000000306         0.039176799         0.029129319
   2         0.000000022        -0.002324047        -0.001393443
   3         0.000000121         0.002447609         0.001534907
   4        -0.000000083        -0.000182778        -0.000160203
   5         0.000000248        -0.039172246        -0.029074510
   6        -0.000000002         0.000054662        -0.000036070
--
 RSPT2 GRADIENT FOR STATE 1.1

 Atom          dE/dx               dE/dy               dE/dz

   1        -0.000000306         0.039082585         0.029061195
   2         0.000000044         0.002386430         0.001384389
   3         0.000000097        -0.002419217        -0.001522383
   4        -0.000000081         0.000094660         0.000193602
   5         0.000000249        -0.039187281        -0.029081902
   6        -0.000000003         0.000042823        -0.000034901
--
 RSPT2 GRADIENT FOR STATE 1.1

 Atom          dE/dx               dE/dy               dE/dz

   1        -0.000000307         0.038882472         0.028897691
   2         0.000000024        -0.001389811        -0.001619262
   3         0.000000118         0.001546890         0.001711193
   4        -0.000000081         0.000064682         0.000105158
   5         0.000000248        -0.039168208        -0.029080766
   6        -0.000000002         0.000063975        -0.000014014
--
 RSPT2 GRADIENT FOR STATE 1.1

 Atom          dE/dx               dE/dy               dE/dz

   1        -0.000000305         0.039380148         0.029296547
   2         0.000000041         0.001444264         0.001572704
   3         0.000000100        -0.001510140        -0.001663007
   4        -0.000000082        -0.000156198        -0.000073494
   5         0.000000249        -0.039191354        -0.029075528
   6        -0.000000003         0.000033278        -0.000057221
--
 RSPT2 GRADIENT FOR STATE 1.1

 Atom          dE/dx               dE/dy               dE/dz

   1        -0.000020407         0.039130174         0.029096740
   2        -0.000288409         0.000017875        -0.000033002
   3         0.000043879         0.000035359         0.000030324
   4         0.000185536        -0.000052363         0.000019512
   5        -0.000024952        -0.039179749        -0.029078149
   6         0.000104353         0.000048704        -0.000035425
--
 RSPT2 GRADIENT FOR STATE 1.1

 Atom          dE/dx               dE/dy               dE/dz

   1         0.000019794         0.039130172         0.029096741
   2         0.000288475         0.000017898        -0.000033012
   3        -0.000043661         0.000035360         0.000030323
   4        -0.000185700        -0.000052387         0.000019521
   5         0.000025449        -0.039179748        -0.029078148
   6        -0.000104358         0.000048705        -0.000035425
--
 RSPT2 GRADIENT FOR STATE 1.1

 Atom          dE/dx               dE/dy               dE/dz

   1        -0.000000306         0.039139771         0.029080398
   2         0.000000021        -0.003154049         0.001127863
   3         0.000000108        -0.000103977         0.000140942
   4        -0.000000069         0.003238858        -0.001216453
   5         0.000000249        -0.039180792        -0.029090864
   6        -0.000000003         0.000060190        -0.000041887
--
 RSPT2 GRADIENT FOR STATE 1.1

 Atom          dE/dx               dE/dy               dE/dz

   1        -0.000000306         0.039122466         0.029110887
   2         0.000000044         0.003094114        -0.001138949
   3         0.000000110         0.000173458        -0.000079940
   4        -0.000000094        -0.003248407         0.001202926
   5         0.000000248        -0.039178853        -0.029065484
   6        -0.000000002         0.000037222        -0.000029440
--
 RSPT2 GRADIENT FOR STATE 1.1

 Atom          dE/dx               dE/dy               dE/dz

   1        -0.000000305         0.039404260         0.028982593
   2         0.000000037         0.001110626        -0.001007738
   3         0.000000108        -0.000141012         0.000119588
   4        -0.000000086        -0.001248926         0.001054519
   5         0.000000249        -0.039175723        -0.029071987
   6        -0.000000003         0.000050776        -0.000076976
--
 RSPT2 GRADIENT FOR STATE 1.1

 Atom          dE/dx               dE/dy               dE/dz

   1        -0.000000307         0.038854539         0.029211078
   2         0.000000029        -0.001099711         0.000943442
   3         0.000000110         0.000212783        -0.000059064
   4        -0.000000077         0.001169873        -0.001017239
   5         0.000000249        -0.039183914        -0.029084436
   6        -0.000000002         0.000046431         0.000006220
--
 RSPT2 GRADIENT FOR STATE 1.1

 Atom          dE/dx               dE/dy               dE/dz

   1        -0.000165850         0.039129663         0.029095977
   2         0.000001440         0.000010379        -0.000029342
   3         0.000039567         0.000035439         0.000030365
   4        -0.000025282        -0.000045049         0.000016243
   5         0.000154288        -0.039179139        -0.029077717
   6        -0.000004163         0.000048707        -0.000035526
--
 RSPT2 GRADIENT FOR STATE 1.1

 Atom          dE/dx               dE/dy               dE/dz

   1         0.000165238         0.039129668         0.029095979
   2        -0.000001374         0.000010379        -0.000029342
   3        -0.000039349         0.000035439         0.000030366
   4         0.000025119        -0.000045050         0.000016243
   5        -0.000153791        -0.039179144        -0.029077720
   6         0.000004157         0.000048707        -0.000035525
--
 RSPT2 GRADIENT FOR STATE 1.1

 Atom          dE/dx               dE/dy               dE/dz

   1        -0.000000309         0.039344241         0.029454543
   2         0.000000033         0.000017003        -0.000053577
   3         0.000000110         0.000043018         0.000041966
   4        -0.000000082        -0.000046014         0.000020341
   5         0.000000251        -0.039376263        -0.029367885
   6        -0.000000003         0.000018015        -0.000095387
--
 RSPT2 GRADIENT FOR STATE 1.1

 Atom          dE/dx               dE/dy               dE/dz

   1        -0.000000303         0.038915631         0.028741003
   2         0.000000033         0.000003858        -0.000005107
   3         0.000000108         0.000027983         0.000018820
   4        -0.000000081        -0.000044074         0.000012150
   5         0.000000246        -0.038982098        -0.028790302
   6        -0.000000003         0.000078701         0.000023436
--
 RSPT2 GRADIENT FOR STATE 1.1

 Atom          dE/dx               dE/dy               dE/dz

   1        -0.000000308         0.039475765         0.029178165
   2         0.000000033        -0.000046195        -0.000087951
   3         0.000000110         0.000039165         0.000027679
   4        -0.000000082        -0.000057806         0.000022470
   5         0.000000250        -0.039468920        -0.029108753
   6        -0.000000003         0.000057992        -0.000031609
--
 RSPT2 GRADIENT FOR STATE 1.1

 Atom          dE/dx               dE/dy               dE/dz

   1        -0.000000304         0.038786278         0.029013113
   2         0.000000033         0.000066162         0.000028785
   3         0.000000108         0.000031774         0.000032916
   4        -0.000000081        -0.000032427         0.000010020
   5         0.000000247        -0.038891341        -0.029045480
   6        -0.000000003         0.000039554        -0.000039354
--
 RSPT2 GRADIENT FOR STATE 1.1

 Atom          dE/dx               dE/dy               dE/dz

   1        -0.000231795         0.039123233         0.029102212
   2         0.000009157         0.000010524        -0.000030115
   3        -0.000047497         0.000035442         0.000030357
   4         0.000104273        -0.000044990         0.000016165
   5        -0.000003911        -0.039179709        -0.029078228
   6         0.000169773         0.000055500        -0.000040391
--
 RSPT2 GRADIENT FOR STATE 1.1

 Atom          dE/dx               dE/dy               dE/dz

   1         0.000231183         0.039123252         0.029102197
   2        -0.000009091         0.000010523        -0.000030113
   3         0.000047715         0.000035442         0.000030357
   4        -0.000104437        -0.000044990         0.000016166
   5         0.000004408        -0.039179709        -0.029078228
   6        -0.000169778         0.000055482        -0.000040378
--
 RSPT2 GRADIENT FOR STATE 1.1

 Atom          dE/dx               dE/dy               dE/dz

   1        -0.000000315         0.036502995         0.030820490
   2         0.000000033         0.000068183        -0.000128364
   3         0.000000109         0.000041423         0.000045689
   4        -0.000000082        -0.000033539         0.000018498
   5         0.000000248        -0.039209860        -0.029068900
   6         0.000000006         0.002630797        -0.001687414
--
 RSPT2 GRADIENT FOR STATE 1.1

 Atom          dE/dx               dE/dy               dE/dz

   1        -0.000000297         0.041808299         0.027317358
   2         0.000000033        -0.000048700         0.000070928
   3         0.000000109         0.000029585         0.000014993
   4        -0.000000081        -0.000056507         0.000014153
   5         0.000000249        -0.039149173        -0.029087336
   6        -0.000000012        -0.002583504         0.001669904
--
 RSPT2 GRADIENT FOR STATE 1.1

 Atom          dE/dx               dE/dy               dE/dz

   1        -0.000000300         0.040633274         0.027594622
   2         0.000000034         0.000267650        -0.000068293
   3         0.000000109         0.000034886         0.000052055
   4        -0.000000082        -0.000051214        -0.000025534
   5         0.000000249        -0.039239207        -0.029074322
   6        -0.000000009        -0.001645390         0.001521473
--
 RSPT2 GRADIENT FOR STATE 1.1

 Atom          dE/dx               dE/dy               dE/dz

   1        -0.000000311         0.037656160         0.030594652
   2         0.000000032        -0.000244586         0.000008543
   3         0.000000109         0.000036055         0.000008848
   4        -0.000000082        -0.000038769         0.000057661
   5         0.000000249        -0.039120386        -0.029082067
   6         0.000000004         0.001711527        -0.001587636
