 RSPT2 GRADIENT FOR STATE 1.1

 Atom          dE/dx               dE/dy               dE/dz

   1         0.000000079         0.002893165        -0.001039326
   2        -0.000000077         0.002682475         0.005523124
   3        -0.000000085         0.005890547         0.004817176
   4         0.000000123        -0.007912219         0.002014899
   5        -0.000000071        -0.013431282        -0.012231375
   6         0.000000030         0.009877315         0.000915502
--
 RSPT2 GRADIENT FOR STATE 1.1

 Atom          dE/dx               dE/dy               dE/dz

   1         0.000000082         0.002983031         0.001570829
   2        -0.000000061         0.002561881         0.005305692
   3        -0.000000014         0.005051955         0.004068663
   4         0.000000040        -0.006636127         0.001783986
   5        -0.000000029        -0.012534137        -0.013113507
   6        -0.000000018         0.008573399         0.000384336
--
 RSPT2 GRADIENT FOR STATE 1.1

 Atom          dE/dx               dE/dy               dE/dz

   1         0.000001222        -0.011415135        -0.023668026
   2        -0.000000790         0.001261151         0.017900471
   3        -0.000003700         0.022375501         0.017557845
   4         0.000003811        -0.029435505         0.007651293
   5        -0.000001188        -0.013281983        -0.012253933
   6         0.000000644         0.030495972        -0.007187651
--
 RSPT2 GRADIENT FOR STATE 1.1

 Atom          dE/dx               dE/dy               dE/dz

   1        -0.000003504         0.009349087         0.009008212
   2        -0.000000272         0.005047703        -0.001943909
   3        -0.000001253        -0.002403106        -0.002069105
   4         0.000002506         0.003322972        -0.001155463
   5        -0.000000903        -0.013948936        -0.011624108
   6         0.000003425        -0.001367721         0.007784374
--
 RSPT2 GRADIENT FOR STATE 1.1

 Atom          dE/dx               dE/dy               dE/dz

   1        -0.000009423         0.014729769         0.016664877
   2        -0.000002132         0.002949711        -0.003943367
   3        -0.000012680        -0.005659075        -0.005308472
   4         0.000017927         0.008640018        -0.002783021
   5        -0.000036923        -0.013302233        -0.012430580
   6         0.000043230        -0.007358190         0.007800563
--
 RSPT2 GRADIENT FOR STATE 1.1

 Atom          dE/dx               dE/dy               dE/dz

   1        -0.000019778         0.017428707         0.018047041
   2        -0.000000208         0.000058099        -0.002855464
   3        -0.000002605        -0.005250345        -0.005265688
   4         0.000008621         0.008094413        -0.002350664
   5         0.000003415        -0.013173163        -0.012477509
   6         0.000010554        -0.007157712         0.004902282
--
 RSPT2 GRADIENT FOR STATE 1.1

 Atom          dE/dx               dE/dy               dE/dz

   1         0.000027765         0.012926565         0.011535130
   2         0.000000286        -0.000569718         0.000963767
   3         0.000010969         0.000601079         0.000224950
   4        -0.000019260        -0.000542626         0.000127112
   5         0.000006276        -0.013206521        -0.012378591
   6        -0.000026035         0.000791220        -0.000472367
--
 RSPT2 GRADIENT FOR STATE 1.1

 Atom          dE/dx               dE/dy               dE/dz

   1        -0.000035411         0.012966985         0.011914029
   2        -0.000000532        -0.000216731         0.000413333
   3        -0.000013262         0.000392692         0.000255368
   4         0.000023957        -0.000442111         0.000115823
   5        -0.000007395        -0.013199951        -0.012378514
   6         0.000032643         0.000499117        -0.000320039
--
 RSPT2 GRADIENT FOR STATE 1.1

 Atom          dE/dx               dE/dy               dE/dz

   1        -0.000002057         0.013191719         0.012353617
   2        -0.000000044        -0.000042351        -0.000007065
   3        -0.000000939         0.000070397         0.000057139
   4         0.000001589        -0.000077457         0.000033241
   5        -0.000000636        -0.013198873        -0.012378468
   6         0.000002087         0.000056564        -0.000058464
--
 RSPT2 GRADIENT FOR STATE 1.1

 Atom          dE/dx               dE/dy               dE/dz

   1        -0.000000215         0.013205583         0.012383116
   2        -0.000000015        -0.000003276        -0.000018017
   3        -0.000000115         0.000002149         0.000003429
   4         0.000000192         0.000000381         0.000004898
   5        -0.000000089        -0.013202087        -0.012376200
   6         0.000000241        -0.000002749         0.000002774
--
 RSPT2 GRADIENT FOR STATE 1.1

 Atom          dE/dx               dE/dy               dE/dz

   1         0.000000116         0.019513995         0.014773463
   2         0.000000009         0.000147838         0.001315353
   3         0.000000107        -0.006907449        -0.006315756
   4        -0.000000184         0.009320413        -0.002849843
   5         0.000000669        -0.013150788        -0.012576835
   6        -0.000000719        -0.008924009         0.005653618
--
 RSPT2 GRADIENT FOR STATE 1.1

 Atom          dE/dx               dE/dy               dE/dz

   1        -0.000000014         0.019475129         0.013491545
   2        -0.000000009        -0.000199445         0.000738107
   3        -0.000000018        -0.005541381        -0.005143737
   4         0.000000033         0.007312974        -0.002233202
   5        -0.000000067        -0.014023996        -0.011589184
   6         0.000000074        -0.007023282         0.004736471
--
 RSPT2 GRADIENT FOR STATE 1.1

 Atom          dE/dx               dE/dy               dE/dz

   1         0.000018679         0.037521578         0.018781482
   2         0.000002606         0.000027904         0.006059057
   3        -0.000030554        -0.025410145        -0.023965342
   4         0.000024795         0.035260511        -0.010453930
   5         0.000016659        -0.013435604        -0.012484288
   6        -0.000032185        -0.033964244         0.022063021
--
 RSPT2 GRADIENT FOR STATE 1.1

 Atom          dE/dx               dE/dy               dE/dz

   1        -0.000004846         0.014487590         0.012322428
   2        -0.000000080        -0.000217213         0.000376464
   3         0.000007781        -0.000720865        -0.000697721
   4        -0.000007157         0.000977775        -0.000294016
   5         0.000010752        -0.013412957        -0.012252110
   6        -0.000006448        -0.001114331         0.000544955
--
 RSPT2 GRADIENT FOR STATE 1.1

 Atom          dE/dx               dE/dy               dE/dz

   1         0.000001574         0.014193503         0.012261344
   2         0.000000074        -0.000163309         0.000272582
   3        -0.000000300        -0.000492877        -0.000470932
   4        -0.000000151         0.000684371        -0.000212741
   5        -0.000000678        -0.013414809        -0.012249223
   6        -0.000000518        -0.000806880         0.000398969
--
 RSPT2 GRADIENT FOR STATE 1.1

 Atom          dE/dx               dE/dy               dE/dz

   1        -0.000002774         0.013167729         0.012245986
   2         0.000000148         0.000005950        -0.000108285
   3        -0.000002560         0.000263129         0.000243639
   4         0.000003381        -0.000344844         0.000091016
   5        -0.000002197        -0.013408374        -0.012250386
   6         0.000004001         0.000316410        -0.000221970
--
 RSPT2 GRADIENT FOR STATE 1.1

 Atom          dE/dx               dE/dy               dE/dz

   1         0.000006045         0.013291530         0.012281202
   2         0.000000005         0.000020672        -0.000062604
   3         0.000002036         0.000091863         0.000092117
   4        -0.000003801        -0.000127396         0.000033234
   5         0.000001048        -0.013401914        -0.012259473
   6        -0.000005333         0.000125245        -0.000084476
--
 RSPT2 GRADIENT FOR STATE 1.1

 Atom          dE/dx               dE/dy               dE/dz

   1         0.000434661         0.013340748         0.012276359
   2        -0.000245291         0.000015548        -0.000028792
   3         0.000112848         0.000037700         0.000042213
   4        -0.000036524        -0.000056140         0.000013515
   5        -0.000047661        -0.013400559        -0.012260978
   6        -0.000218032         0.000062702        -0.000042318
--
 RSPT2 GRADIENT FOR STATE 1.1

 Atom          dE/dx               dE/dy               dE/dz

   1        -0.000435343         0.013340728         0.012276384
   2         0.000245444         0.000015548        -0.000028798
   3        -0.000113112         0.000037699         0.000042209
   4         0.000036867        -0.000056139         0.000013516
   5         0.000047555        -0.013400560        -0.012260979
   6         0.000218591         0.000062725        -0.000042332
--
 RSPT2 GRADIENT FOR STATE 1.1

 Atom          dE/dx               dE/dy               dE/dz

   1        -0.000000330         0.017199196         0.009217309
   2         0.000000077        -0.001116953         0.001405399
   3        -0.000000131         0.000110793        -0.000166016
   4         0.000000171        -0.000074799         0.000290986
   5        -0.000000053        -0.013321371        -0.012122769
   6         0.000000266        -0.002796866         0.001375091
--
 RSPT2 GRADIENT FOR STATE 1.1

 Atom          dE/dx               dE/dy               dE/dz

   1        -0.000000351         0.009562844         0.015283579
   2         0.000000075         0.001138790        -0.001473737
   3        -0.000000133        -0.000034131         0.000250319
   4         0.000000172        -0.000036632        -0.000264231
   5        -0.000000054        -0.013479915        -0.012400534
   6         0.000000291         0.002849044        -0.001395396
--
 RSPT2 GRADIENT FOR STATE 1.1

 Atom          dE/dx               dE/dy               dE/dz

   1        -0.000000353         0.010298712         0.019331869
   2         0.000000079         0.001151502        -0.005530005
   3        -0.000000133         0.000101204        -0.000210557
   4         0.000000171        -0.000037460        -0.000086073
   5        -0.000000053        -0.013258723        -0.012178481
   6         0.000000289         0.001744766        -0.001326754
--
 RSPT2 GRADIENT FOR STATE 1.1

 Atom          dE/dx               dE/dy               dE/dz

   1        -0.000000329         0.016365192         0.005398855
   2         0.000000073        -0.001064593         0.005294234
   3        -0.000000132        -0.000026345         0.000290798
   4         0.000000172        -0.000073959         0.000111795
   5        -0.000000054        -0.013544035        -0.012343696
   6         0.000000269        -0.001656260         0.001248014
--
 RSPT2 GRADIENT FOR STATE 1.1

 Atom          dE/dx               dE/dy               dE/dz

   1        -0.000245689         0.013348309         0.012273596
   2         0.000801405         0.000017223        -0.000037226
   3        -0.000278670         0.000041927         0.000046740
   4        -0.000281410        -0.000062389         0.000016289
   5        -0.000000109        -0.013400888        -0.012261180
   6         0.000004473         0.000055819        -0.000038219
--
 RSPT2 GRADIENT FOR STATE 1.1

 Atom          dE/dx               dE/dy               dE/dz

   1         0.000245007         0.013348306         0.012273591
   2        -0.000801253         0.000017279        -0.000037206
   3         0.000278405         0.000041901         0.000046716
   4         0.000281753        -0.000062418         0.000016298
   5         0.000000002        -0.013400888        -0.012261180
   6        -0.000003914         0.000055820        -0.000038218
--
 RSPT2 GRADIENT FOR STATE 1.1

 Atom          dE/dx               dE/dy               dE/dz

   1        -0.000000340         0.012224899         0.013381880
   2         0.000000048         0.006310176        -0.000763950
   3        -0.000000118        -0.001970134        -0.001443975
   4         0.000000185        -0.003291230         0.000854780
   5        -0.000000053        -0.013382563        -0.012261208
   6         0.000000279         0.000108853         0.000232472
--
 RSPT2 GRADIENT FOR STATE 1.1

 Atom          dE/dx               dE/dy               dE/dz

   1        -0.000000341         0.014480657         0.011166554
   2         0.000000104        -0.006363501         0.000785383
   3        -0.000000146         0.002021511         0.001482901
   4         0.000000157         0.003276204        -0.000866553
   5        -0.000000053        -0.013418820        -0.012260730
   6         0.000000279         0.000003949        -0.000307556
--
 RSPT2 GRADIENT FOR STATE 1.1

 Atom          dE/dx               dE/dy               dE/dz

   1        -0.000000338         0.014757505         0.006948242
   2         0.000000066        -0.000707856         0.007959709
   3        -0.000000119        -0.001396410        -0.001841534
   4         0.000000167         0.000799342        -0.000726648
   5        -0.000000053        -0.013403560        -0.012281164
   6         0.000000277        -0.000049021        -0.000058605
--
 RSPT2 GRADIENT FOR STATE 1.1

 Atom          dE/dx               dE/dy               dE/dz

   1        -0.000000344         0.011877568         0.017772380
   2         0.000000085         0.000841716        -0.008171876
   3        -0.000000145         0.001427159         0.001896650
   4         0.000000175        -0.000912145         0.000759439
   5        -0.000000053        -0.013397544        -0.012240397
   6         0.000000281         0.000163245        -0.000016196
--
 RSPT2 GRADIENT FOR STATE 1.1

 Atom          dE/dx               dE/dy               dE/dz

   1         0.000112608         0.013345932         0.012281158
   2        -0.000278478         0.000011403        -0.000042714
   3         0.000124903         0.000043422         0.000047493
   4         0.000064334        -0.000056246         0.000013841
   5         0.000013374        -0.013400821        -0.012261146
   6        -0.000036741         0.000056310        -0.000038633
--
 RSPT2 GRADIENT FOR STATE 1.1

 Atom          dE/dx               dE/dy               dE/dz

   1        -0.000113289         0.013345931         0.012281159
   2         0.000278630         0.000011376        -0.000042739
   3        -0.000125169         0.000043451         0.000047518
   4        -0.000063991        -0.000056247         0.000013840
   5        -0.000013481        -0.013400821        -0.012261145
   6         0.000037299         0.000056309        -0.000038632
--
 RSPT2 GRADIENT FOR STATE 1.1

 Atom          dE/dx               dE/dy               dE/dz

   1        -0.000000340         0.013418198         0.012343385
   2         0.000000088        -0.001966266        -0.001426615
   3        -0.000000146         0.002082398         0.001577622
   4         0.000000173        -0.000191267        -0.000188347
   5        -0.000000053        -0.013401753        -0.012262827
   6         0.000000279         0.000058691        -0.000043218
--
 RSPT2 GRADIENT FOR STATE 1.1

 Atom          dE/dx               dE/dy               dE/dz

   1        -0.000000341         0.013273280         0.012215826
   2         0.000000063         0.002025399         0.001396960
   3        -0.000000118        -0.002033468        -0.001536814
   4         0.000000170         0.000080745         0.000217427
   5        -0.000000053        -0.013399994        -0.012259591
   6         0.000000279         0.000054038        -0.000033809
--
 RSPT2 GRADIENT FOR STATE 1.1

 Atom          dE/dx               dE/dy               dE/dz

   1        -0.000000339         0.013138802         0.012030920
   2         0.000000087        -0.001425507        -0.001893512
   3        -0.000000145         0.001574007         0.002036357
   4         0.000000171         0.000029121         0.000090855
   5        -0.000000053        -0.013391019        -0.012255351
   6         0.000000279         0.000074595        -0.000009268
--
 RSPT2 GRADIENT FOR STATE 1.1

 Atom          dE/dx               dE/dy               dE/dz

   1        -0.000000342         0.013555159         0.012532259
   2         0.000000064         0.001501316         0.001844742
   3        -0.000000119        -0.001540411        -0.001977730
   4         0.000000172        -0.000143198        -0.000064101
   5        -0.000000053        -0.013410790        -0.012267088
   6         0.000000280         0.000037924        -0.000068082
--
 RSPT2 GRADIENT FOR STATE 1.1

 Atom          dE/dx               dE/dy               dE/dz

   1        -0.000037036         0.013346037         0.012281057
   2        -0.000281511         0.000024533        -0.000039744
   3         0.000064009         0.000037890         0.000041916
   4         0.000166802        -0.000063939         0.000016413
   5        -0.000008838        -0.013400860        -0.012261181
   6         0.000096573         0.000056340        -0.000038461
--
 RSPT2 GRADIENT FOR STATE 1.1

 Atom          dE/dx               dE/dy               dE/dz

   1         0.000036354         0.013346038         0.012281058
   2         0.000281662         0.000024504        -0.000039736
   3        -0.000064274         0.000037887         0.000041917
   4        -0.000166459        -0.000063908         0.000016405
   5         0.000008731        -0.013400861        -0.012261182
   6        -0.000096014         0.000056340        -0.000038462
--
 RSPT2 GRADIENT FOR STATE 1.1

 Atom          dE/dx               dE/dy               dE/dz

   1        -0.000000341         0.013327781         0.012298353
   2         0.000000091        -0.003313811         0.000838697
   3        -0.000000132        -0.000098603         0.000128177
   4         0.000000156         0.003424409        -0.000952408
   5        -0.000000053        -0.013403298        -0.012269511
   6         0.000000280         0.000063523        -0.000043307
--
 RSPT2 GRADIENT FOR STATE 1.1

 Atom          dE/dx               dE/dy               dE/dz

   1        -0.000000340         0.013365943         0.012261867
   2         0.000000061         0.003253622        -0.000873336
   3        -0.000000133         0.000173404        -0.000044142
   4         0.000000187        -0.003443699         0.000942533
   5        -0.000000053        -0.013398497        -0.012252899
   6         0.000000278         0.000049226        -0.000034023
--
 RSPT2 GRADIENT FOR STATE 1.1

 Atom          dE/dx               dE/dy               dE/dz

   1        -0.000000341         0.013622968         0.012182179
   2         0.000000071         0.000877060        -0.000783751
   3        -0.000000131        -0.000164743         0.000119424
   4         0.000000175        -0.001002687         0.000818145
   5        -0.000000053        -0.013399169        -0.012258604
   6         0.000000279         0.000066571        -0.000077393
--
 RSPT2 GRADIENT FOR STATE 1.1

 Atom          dE/dx               dE/dy               dE/dz

   1        -0.000000340         0.013067748         0.012380031
   2         0.000000080        -0.000843687         0.000702379
   3        -0.000000133         0.000241020        -0.000035533
   4         0.000000167         0.000891709        -0.000783524
   5        -0.000000053        -0.013402646        -0.012263851
   6         0.000000279         0.000045856         0.000000499
--
 RSPT2 GRADIENT FOR STATE 1.1

 Atom          dE/dx               dE/dy               dE/dz

   1        -0.000047932         0.013345968         0.012280788
   2         0.000000026         0.000016818        -0.000037096
   3         0.000013304         0.000037899         0.000042030
   4        -0.000008629        -0.000056307         0.000013963
   5         0.000045265        -0.013400679        -0.012261028
   6        -0.000002034         0.000056301        -0.000038658
--
 RSPT2 GRADIENT FOR STATE 1.1

 Atom          dE/dx               dE/dy               dE/dz

   1         0.000047251         0.013345967         0.012280787
   2         0.000000126         0.000016818        -0.000037096
   3        -0.000013569         0.000037899         0.000042030
   4         0.000008971        -0.000056307         0.000013963
   5        -0.000045371        -0.013400678        -0.012261027
   6         0.000002592         0.000056301        -0.000038658
--
 RSPT2 GRADIENT FOR STATE 1.1

 Atom          dE/dx               dE/dy               dE/dz

   1        -0.000000340         0.013425466         0.012424346
   2         0.000000076         0.000035013        -0.000040115
   3        -0.000000133         0.000037030         0.000051937
   4         0.000000172        -0.000058704         0.000015696
   5        -0.000000054        -0.013494454        -0.012396830
   6         0.000000279         0.000055649        -0.000055034
--
 RSPT2 GRADIENT FOR STATE 1.1

 Atom          dE/dx               dE/dy               dE/dz

   1        -0.000000341         0.013266923         0.012139032
   2         0.000000076        -0.000001243        -0.000034111
   3        -0.000000132         0.000038788         0.000032166
   4         0.000000171        -0.000053903         0.000012219
   5        -0.000000053        -0.013307400        -0.012126737
   6         0.000000279         0.000056835        -0.000022569
--
 RSPT2 GRADIENT FOR STATE 1.1

 Atom          dE/dx               dE/dy               dE/dz

   1        -0.000000340         0.013485678         0.012363673
   2         0.000000076         0.000016462        -0.000057644
   3        -0.000000133         0.000036284         0.000047880
   4         0.000000172        -0.000064655         0.000016586
   5        -0.000000054        -0.013536430        -0.012333244
   6         0.000000279         0.000062661        -0.000037251
--
 RSPT2 GRADIENT FOR STATE 1.1

 Atom          dE/dx               dE/dy               dE/dz

   1        -0.000000341         0.013207912         0.012198456
   2         0.000000076         0.000016943        -0.000016887
   3        -0.000000132         0.000039520         0.000036144
   4         0.000000171        -0.000048044         0.000011339
   5        -0.000000053        -0.013266338        -0.012189069
   6         0.000000279         0.000050007        -0.000039983
--
 RSPT2 GRADIENT FOR STATE 1.1

 Atom          dE/dx               dE/dy               dE/dz

   1        -0.000218648         0.013338790         0.012286419
   2         0.000004278         0.000017028        -0.000037988
   3        -0.000037170         0.000037876         0.000041929
   4         0.000096459        -0.000056193         0.000013866
   5        -0.000002351        -0.013400865        -0.012261233
   6         0.000157433         0.000063364        -0.000042991
--
 RSPT2 GRADIENT FOR STATE 1.1

 Atom          dE/dx               dE/dy               dE/dz

   1         0.000217966         0.013338815         0.012286399
   2        -0.000004126         0.000017028        -0.000037984
   3         0.000036905         0.000037877         0.000041929
   4        -0.000096116        -0.000056195         0.000013866
   5         0.000002245        -0.013400865        -0.012261234
   6        -0.000156874         0.000063341        -0.000042977
--
 RSPT2 GRADIENT FOR STATE 1.1

 Atom          dE/dx               dE/dy               dE/dz

   1        -0.000000352         0.010553142         0.013954038
   2         0.000000075         0.000068660        -0.000142640
   3        -0.000000132         0.000040263         0.000060329
   4         0.000000171        -0.000049107         0.000024371
   5        -0.000000053        -0.013401398        -0.012254853
   6         0.000000291         0.002788439        -0.001641245
--
 RSPT2 GRADIENT FOR STATE 1.1

 Atom          dE/dx               dE/dy               dE/dz

   1        -0.000000329         0.016199072         0.010552510
   2         0.000000076        -0.000036242         0.000069607
   3        -0.000000132         0.000035611         0.000023658
   4         0.000000171        -0.000063403         0.000003657
   5        -0.000000053        -0.013400211        -0.012267507
   6         0.000000267        -0.002734828         0.001618075
--
 RSPT2 GRADIENT FOR STATE 1.1

 Atom          dE/dx               dE/dy               dE/dz

   1        -0.000000333         0.014742101         0.010994300
   2         0.000000075         0.000288099        -0.000058728
   3        -0.000000132         0.000033184         0.000071522
   4         0.000000172        -0.000060854        -0.000025171
   5        -0.000000053        -0.013417068        -0.012259815
   6         0.000000272        -0.001585463         0.001277892
--
 RSPT2 GRADIENT FOR STATE 1.1

 Atom          dE/dx               dE/dy               dE/dz

   1        -0.000000348         0.011972166         0.013569079
   2         0.000000076        -0.000251938        -0.000016338
   3        -0.000000132         0.000042595         0.000012710
   4         0.000000171        -0.000051572         0.000052724
   5        -0.000000053        -0.013384605        -0.012262547
   6         0.000000286         0.001673355        -0.001355627
