 RSPT2 GRADIENT FOR STATE 1.1

 Atom          dE/dx               dE/dy               dE/dz

   1         0.000000125         0.009977042         0.005708112
   2        -0.000000075         0.003113249         0.004658744
   3        -0.000000108         0.006092296         0.004939491
   4         0.000000138        -0.008053345         0.002479714
   5        -0.000000117        -0.021314977        -0.017882837
   6         0.000000037         0.010185734         0.000096775
--
 RSPT2 GRADIENT FOR STATE 1.1

 Atom          dE/dx               dE/dy               dE/dz

   1         0.000000090         0.009488626         0.008742224
   2        -0.000000058         0.003181891         0.004669230
   3        -0.000000001         0.005239557         0.004260226
   4         0.000000025        -0.006778791         0.002161528
   5        -0.000000029        -0.019876308        -0.019344568
   6        -0.000000027         0.008745025        -0.000488640
--
 RSPT2 GRADIENT FOR STATE 1.1

 Atom          dE/dx               dE/dy               dE/dz

   1         0.000001067         0.003714192         0.000070195
   2        -0.000000340         0.005431647         0.006038202
   3        -0.000001353         0.009328014         0.007793709
   4         0.000001323        -0.012238549         0.003503880
   5        -0.000001055        -0.021089796        -0.018262584
   6         0.000000359         0.014854491         0.000856597
--
 RSPT2 GRADIENT FOR STATE 1.1

 Atom          dE/dx               dE/dy               dE/dz

   1         0.000010170         0.015002394         0.013761080
   2        -0.000002125         0.005025727        -0.001294163
   3        -0.000009489        -0.000371167        -0.000000710
   4         0.000008656         0.000737754        -0.000843744
   5        -0.000012982        -0.021347173        -0.017920792
   6         0.000005770         0.000952466         0.006298329
--
 RSPT2 GRADIENT FOR STATE 1.1

 Atom          dE/dx               dE/dy               dE/dz

   1         0.000003453         0.018534458         0.016236163
   2        -0.000000382         0.001847759        -0.000246819
   3        -0.000003682        -0.000380423        -0.000369401
   4         0.000003344         0.000735191        -0.000417862
   5        -0.000005161        -0.021084441        -0.018010115
   6         0.000002427         0.000347456         0.002808034
--
 RSPT2 GRADIENT FOR STATE 1.1

 Atom          dE/dx               dE/dy               dE/dz

   1         0.000002131         0.020711214         0.017744724
   2        -0.000000011        -0.000131448         0.000039436
   3        -0.000006942         0.000376717         0.000261337
   4         0.000007069        -0.000401953         0.000147883
   5        -0.000008430        -0.020964608        -0.017898114
   6         0.000006183         0.000410078        -0.000295268
--
 RSPT2 GRADIENT FOR STATE 1.1

 Atom          dE/dx               dE/dy               dE/dz

   1        -0.000005025         0.020743069         0.017770317
   2        -0.000000070        -0.000120774         0.000024651
   3         0.000000510         0.000339794         0.000239143
   4         0.000000756        -0.000362938         0.000134780
   5         0.000001727        -0.020964558        -0.017897503
   6         0.000002102         0.000365408        -0.000271388
--
 RSPT2 GRADIENT FOR STATE 1.1

 Atom          dE/dx               dE/dy               dE/dz

   1         0.000004882         0.021010309         0.017961326
   2         0.000000039        -0.000022547        -0.000069793
   3         0.000003505        -0.000019560        -0.000020516
   4        -0.000005103         0.000053336        -0.000010246
   5         0.000002966        -0.020967386        -0.017896846
   6        -0.000006288        -0.000054152         0.000036075
--
 RSPT2 GRADIENT FOR STATE 1.1

 Atom          dE/dx               dE/dy               dE/dz

   1        -0.000000914         0.021010774         0.017948081
   2        -0.000000031        -0.000009237        -0.000049995
   3        -0.000000386        -0.000031947        -0.000025137
   4         0.000000678         0.000055005        -0.000012868
   5        -0.000000246        -0.020966981        -0.017897071
   6         0.000000899        -0.000057613         0.000036991
--
 RSPT2 GRADIENT FOR STATE 1.1

 Atom          dE/dx               dE/dy               dE/dz

   1        -0.000000427         0.027760206         0.020325278
   2         0.000000038         0.000267402         0.001328864
   3         0.000001143        -0.007218442        -0.005973450
   4        -0.000001320         0.009187789        -0.003249140
   5         0.000003058        -0.021194535        -0.018357600
   6        -0.000002492        -0.008802419         0.005926048
--
 RSPT2 GRADIENT FOR STATE 1.1

 Atom          dE/dx               dE/dy               dE/dz

   1         0.000001026         0.028220462         0.018380896
   2        -0.000000018        -0.000307212         0.000586758
   3        -0.000000750        -0.005720994        -0.004816599
   4         0.000000642         0.007039891        -0.002519580
   5        -0.000001949        -0.022537891        -0.016676581
   6         0.000001049        -0.006694256         0.005045106
--
 RSPT2 GRADIENT FOR STATE 1.1

 Atom          dE/dx               dE/dy               dE/dz

   1        -0.000024327         0.030006278         0.019946910
   2         0.000001611         0.000244060         0.001849647
   3         0.000010239        -0.009172023        -0.007579502
   4        -0.000008278         0.011610881        -0.004108975
   5         0.000053585        -0.021623908        -0.017909907
   6        -0.000032829        -0.011065289         0.007801827
--
 RSPT2 GRADIENT FOR STATE 1.1

 Atom          dE/dx               dE/dy               dE/dz

   1        -0.000902335         0.019820800         0.018787081
   2         0.000009274         0.000097527         0.000200555
   3         0.000513806         0.000864943         0.000707386
   4        -0.000347157        -0.000970105         0.000396922
   5         0.000791782        -0.020484469        -0.018902855
   6        -0.000065370         0.000671304        -0.001189089
--
 RSPT2 GRADIENT FOR STATE 1.1

 Atom          dE/dx               dE/dy               dE/dz

   1        -0.000286901         0.021997619         0.018136529
   2         0.000001742        -0.000200229        -0.000086241
   3         0.000169962        -0.000160228        -0.000162411
   4        -0.000118103         0.000270032        -0.000071406
   5         0.000277103        -0.021518155        -0.017916094
   6        -0.000043803        -0.000389038         0.000099623
--
 RSPT2 GRADIENT FOR STATE 1.1

 Atom          dE/dx               dE/dy               dE/dz

   1        -0.000046707         0.021707436         0.018075612
   2         0.000004710        -0.000104498        -0.000097159
   3        -0.000014049        -0.000024271        -0.000027951
   4         0.000023375         0.000078389        -0.000016920
   5        -0.000003786        -0.021508209        -0.017941022
   6         0.000036457        -0.000148848         0.000007440
--
 RSPT2 GRADIENT FOR STATE 1.1

 Atom          dE/dx               dE/dy               dE/dz

   1         0.000469900         0.021499661         0.017978825
   2        -0.000243649        -0.000023686        -0.000071690
   3         0.000100696         0.000055887         0.000055378
   4        -0.000028640        -0.000052937         0.000017402
   5        -0.000082618        -0.021515109        -0.017937281
   6        -0.000215689         0.000036184        -0.000042635
--
 RSPT2 GRADIENT FOR STATE 1.1

 Atom          dE/dx               dE/dy               dE/dz

   1        -0.000484723         0.021499180         0.017979330
   2         0.000253256        -0.000023691        -0.000071745
   3        -0.000109132         0.000055865         0.000055309
   4         0.000033803        -0.000052919         0.000017394
   5         0.000079592        -0.021515133        -0.017937301
   6         0.000227204         0.000036698        -0.000042987
--
 RSPT2 GRADIENT FOR STATE 1.1

 Atom          dE/dx               dE/dy               dE/dz

   1        -0.000007163         0.025130917         0.014991764
   2         0.000004829        -0.001078221         0.001180129
   3        -0.000004203         0.000119763        -0.000171402
   4         0.000002578        -0.000058544         0.000292742
   5        -0.000001500        -0.021385467        -0.017727296
   6         0.000005459        -0.002728448         0.001434063
--
 RSPT2 GRADIENT FOR STATE 1.1

 Atom          dE/dx               dE/dy               dE/dz

   1        -0.000007644         0.017942881         0.020910681
   2         0.000004776         0.001022175        -0.001329806
   3        -0.000004232        -0.000006863         0.000281739
   4         0.000002585        -0.000046549        -0.000258318
   5        -0.000001527        -0.021645166        -0.018149436
   6         0.000006041         0.002733521        -0.001454860
--
 RSPT2 GRADIENT FOR STATE 1.1

 Atom          dE/dx               dE/dy               dE/dz

   1        -0.000007658         0.018537499         0.025237353
   2         0.000004833         0.000943574        -0.005687865
   3        -0.000004235         0.000105145        -0.000180469
   4         0.000002572        -0.000046534        -0.000091225
   5        -0.000001500        -0.021298158        -0.017839929
   6         0.000005989         0.001758474        -0.001437865
--
 RSPT2 GRADIENT FOR STATE 1.1

 Atom          dE/dx               dE/dy               dE/dz

   1        -0.000007153         0.024456594         0.010901085
   2         0.000004771        -0.000943689         0.005359852
   3        -0.000004199         0.000006022         0.000287367
   4         0.000002590        -0.000058620         0.000124771
   5        -0.000001527        -0.021734207        -0.018034406
   6         0.000005518        -0.001726099         0.001361331
--
 RSPT2 GRADIENT FOR STATE 1.1

 Atom          dE/dx               dE/dy               dE/dz

   1        -0.000255848         0.021507115         0.017976094
   2         0.000810881        -0.000022835        -0.000080432
   3        -0.000283999         0.000060579         0.000059958
   4        -0.000281019        -0.000058901         0.000020392
   5        -0.000001262        -0.021515647        -0.017937573
   6         0.000011247         0.000029690        -0.000038439
--
 RSPT2 GRADIENT FOR STATE 1.1

 Atom          dE/dx               dE/dy               dE/dz

   1         0.000241029         0.021507062         0.017976032
   2        -0.000801271        -0.000021854        -0.000079989
   3         0.000275557         0.000060013         0.000059459
   4         0.000286186        -0.000059290         0.000020518
   5        -0.000001765        -0.021515646        -0.017937580
   6         0.000000264         0.000029715        -0.000038440
--
 RSPT2 GRADIENT FOR STATE 1.1

 Atom          dE/dx               dE/dy               dE/dz

   1        -0.000007407         0.020460912         0.018917872
   2         0.000004311         0.006280495        -0.000735622
   3        -0.000003900        -0.002101734        -0.001421256
   4         0.000002749        -0.003229760         0.000965540
   5        -0.000001514        -0.021497404        -0.017951512
   6         0.000005761         0.000087491         0.000224978
--
 RSPT2 GRADIENT FOR STATE 1.1

 Atom          dE/dx               dE/dy               dE/dz

   1        -0.000007411         0.022561326         0.017031285
   2         0.000005293        -0.006399038         0.000682465
   3        -0.000004525         0.002182417         0.001483692
   4         0.000002406         0.003215601        -0.000973693
   5        -0.000001513        -0.021533326        -0.017923102
   6         0.000005750        -0.000026980        -0.000300647
--
 RSPT2 GRADIENT FOR STATE 1.1

 Atom          dE/dx               dE/dy               dE/dz

   1        -0.000007380         0.022735683         0.012542681
   2         0.000004577        -0.000689400         0.008009759
   3        -0.000003925        -0.001372044        -0.001705716
   4         0.000002534         0.000925644        -0.000810482
   5        -0.000001514        -0.021525303        -0.017971078
   6         0.000005708        -0.000074580        -0.000065163
--
 RSPT2 GRADIENT FOR STATE 1.1

 Atom          dE/dx               dE/dy               dE/dz

   1        -0.000007435         0.020225018         0.023590297
   2         0.000005019         0.000728914        -0.008321952
   3        -0.000004502         0.001442639         0.001793682
   4         0.000002629        -0.001027937         0.000851097
   5        -0.000001513        -0.021504964        -0.017902943
   6         0.000005803         0.000136331        -0.000010181
--
 RSPT2 GRADIENT FOR STATE 1.1

 Atom          dE/dx               dE/dy               dE/dz

   1         0.000097484         0.021505035         0.017983792
   2        -0.000274986        -0.000028111        -0.000085252
   3         0.000132151         0.000061498         0.000060094
   4         0.000059715        -0.000053004         0.000017749
   5         0.000020062        -0.021515564        -0.017937550
   6        -0.000034427         0.000030147        -0.000038833
--
 RSPT2 GRADIENT FOR STATE 1.1

 Atom          dE/dx               dE/dy               dE/dz

   1        -0.000112301         0.021505004         0.017983832
   2         0.000284597        -0.000028734        -0.000085833
   3        -0.000140593         0.000062141         0.000060627
   4        -0.000054552        -0.000053013         0.000017725
   5        -0.000023089        -0.021515539        -0.017937528
   6         0.000045937         0.000030142        -0.000038823
--
 RSPT2 GRADIENT FOR STATE 1.1

 Atom          dE/dx               dE/dy               dE/dz

   1        -0.000007398         0.021568044         0.018031813
   2         0.000005082        -0.002148807        -0.001463944
   3        -0.000004535         0.002251236         0.001585349
   4         0.000002612        -0.000189937        -0.000173858
   5        -0.000001511        -0.021514268        -0.017937715
   6         0.000005750         0.000033732        -0.000041645
--
 RSPT2 GRADIENT FOR STATE 1.1

 Atom          dE/dx               dE/dy               dE/dz

   1        -0.000007420         0.021441421         0.017932680
   2         0.000004515         0.002135364         0.001350846
   3        -0.000003891        -0.002172307        -0.001520717
   4         0.000002550         0.000085839         0.000210592
   5        -0.000001516        -0.021516987        -0.017937543
   6         0.000005762         0.000026670        -0.000035857
--
 RSPT2 GRADIENT FOR STATE 1.1

 Atom          dE/dx               dE/dy               dE/dz

   1        -0.000007375         0.021279563         0.017750303
   2         0.000005049        -0.001455648        -0.001820067
   3        -0.000004481         0.001589467         0.001914623
   4         0.000002571         0.000042194         0.000100409
   5        -0.000001512        -0.021503532        -0.017932896
   6         0.000005747         0.000047957        -0.000012373
--
 RSPT2 GRADIENT FOR STATE 1.1

 Atom          dE/dx               dE/dy               dE/dz

   1        -0.000007444         0.021732724         0.018218138
   2         0.000004550         0.001449139         0.001679382
   3        -0.000003948        -0.001516478        -0.001823968
   4         0.000002592        -0.000149807        -0.000065760
   5        -0.000001515        -0.021527792        -0.017942354
   6         0.000005764         0.000012214        -0.000065437
--
 RSPT2 GRADIENT FOR STATE 1.1

 Atom          dE/dx               dE/dy               dE/dz

   1        -0.000038635         0.021505059         0.017983764
   2        -0.000278805        -0.000014882        -0.000083278
   3         0.000052902         0.000056002         0.000055087
   4         0.000175578        -0.000060772         0.000020706
   5        -0.000015527        -0.021515607        -0.017937586
   6         0.000104487         0.000030199        -0.000038693
--
 RSPT2 GRADIENT FOR STATE 1.1

 Atom          dE/dx               dE/dy               dE/dz

   1         0.000023818         0.021505066         0.017983782
   2         0.000288409        -0.000015224        -0.000083184
   3        -0.000061339         0.000055941         0.000055108
   4        -0.000170412        -0.000060368         0.000020603
   5         0.000012500        -0.021515624        -0.017937600
   6        -0.000092976         0.000030209        -0.000038709
--
 RSPT2 GRADIENT FOR STATE 1.1

 Atom          dE/dx               dE/dy               dE/dz

   1        -0.000007418         0.021499993         0.017988760
   2         0.000005001        -0.003289727         0.000918656
   3        -0.000004213        -0.000082424         0.000151215
   4         0.000002376         0.003351599        -0.001065829
   5        -0.000001515        -0.021518321        -0.017948287
   6         0.000005769         0.000038878        -0.000044515
--
 RSPT2 GRADIENT FOR STATE 1.1

 Atom          dE/dx               dE/dy               dE/dz

   1        -0.000007400         0.021511985         0.017976687
   2         0.000004612         0.003155634        -0.001035497
   3        -0.000004222         0.000193348        -0.000040788
   4         0.000002780        -0.003369459         0.001059869
   5        -0.000001512        -0.021513012        -0.017926952
   6         0.000005742         0.000021503        -0.000033319
--
 RSPT2 GRADIENT FOR STATE 1.1

 Atom          dE/dx               dE/dy               dE/dz

   1        -0.000007405         0.021779917         0.017875807
   2         0.000004740         0.000944546        -0.000914354
   3        -0.000004206        -0.000135841         0.000138166
   4         0.000002633        -0.001112950         0.000912268
   5        -0.000001514        -0.021512873        -0.017933604
   6         0.000005752         0.000037200        -0.000078283
--
 RSPT2 GRADIENT FOR STATE 1.1

 Atom          dE/dx               dE/dy               dE/dz

   1        -0.000007413         0.021228862         0.018091795
   2         0.000004867        -0.000994072         0.000747264
   3        -0.000004230         0.000248598        -0.000028003
   4         0.000002530         0.001012176        -0.000870313
   5        -0.000001513        -0.021518473        -0.017941693
   6         0.000005759         0.000022909         0.000000949
--
 RSPT2 GRADIENT FOR STATE 1.1

 Atom          dE/dx               dE/dy               dE/dz

   1        -0.000088506         0.021504909         0.017983329
   2         0.000005059        -0.000022728        -0.000080134
   3         0.000017358         0.000056029         0.000055173
   4        -0.000011439        -0.000053065         0.000017834
   5         0.000074921        -0.021515317        -0.017937362
   6         0.000002608         0.000030172        -0.000038840
--
 RSPT2 GRADIENT FOR STATE 1.1

 Atom          dE/dx               dE/dy               dE/dz

   1         0.000073688         0.021504883         0.017983301
   2         0.000004547        -0.000022727        -0.000080131
   3        -0.000025794         0.000056024         0.000055170
   4         0.000016603        -0.000053062         0.000017834
   5        -0.000077948        -0.021515290        -0.017937337
   6         0.000008904         0.000030171        -0.000038837
--
 RSPT2 GRADIENT FOR STATE 1.1

 Atom          dE/dx               dE/dy               dE/dz

   1        -0.000007397         0.021635094         0.018202609
   2         0.000004802        -0.000004700        -0.000090278
   3        -0.000004230         0.000057441         0.000067330
   4         0.000002590        -0.000055730         0.000020640
   5        -0.000001527        -0.021654442        -0.018131523
   6         0.000005762         0.000022337        -0.000068778
--
 RSPT2 GRADIENT FOR STATE 1.1

 Atom          dE/dx               dE/dy               dE/dz

   1        -0.000007420         0.021375393         0.017766556
   2         0.000004803        -0.000040620        -0.000069958
   3        -0.000004205         0.000054720         0.000043072
   4         0.000002573        -0.000050422         0.000015043
   5        -0.000001500        -0.021376720        -0.017745246
   6         0.000005749         0.000037648        -0.000009467
--
 RSPT2 GRADIENT FOR STATE 1.1

 Atom          dE/dx               dE/dy               dE/dz

   1        -0.000007398         0.021717075         0.018080679
   2         0.000004807        -0.000037147        -0.000114369
   3        -0.000004229         0.000055981         0.000059867
   4         0.000002588        -0.000063801         0.000021888
   5        -0.000001526        -0.021709311        -0.018010277
   6         0.000005758         0.000037203        -0.000037788
--
 RSPT2 GRADIENT FOR STATE 1.1

 Atom          dE/dx               dE/dy               dE/dz

   1        -0.000007419         0.021294934         0.017886198
   2         0.000004799        -0.000008733        -0.000046247
   3        -0.000004207         0.000056151         0.000050410
   4         0.000002575        -0.000042467         0.000013802
   5        -0.000001501        -0.021323035        -0.017864300
   6         0.000005753         0.000023150        -0.000039863
--
 RSPT2 GRADIENT FOR STATE 1.1

 Atom          dE/dx               dE/dy               dE/dz

   1        -0.000228851         0.021497713         0.017989411
   2         0.000010306        -0.000022546        -0.000080971
   3        -0.000044411         0.000056011         0.000055129
   4         0.000101302        -0.000052972         0.000017759
   5        -0.000004655        -0.021515601        -0.017937653
   6         0.000166311         0.000037395        -0.000043674
--
 RSPT2 GRADIENT FOR STATE 1.1

 Atom          dE/dx               dE/dy               dE/dz

   1         0.000214028         0.021498296         0.017988937
   2        -0.000000699        -0.000022558        -0.000080874
   3         0.000035975         0.000056023         0.000055147
   4        -0.000096138        -0.000053000         0.000017765
   5         0.000001629        -0.021515615        -0.017937658
   6        -0.000154794         0.000036854        -0.000043317
--
 RSPT2 GRADIENT FOR STATE 1.1

 Atom          dE/dx               dE/dy               dE/dz

   1        -0.000007661         0.018801599         0.019698329
   2         0.000004791         0.000033903        -0.000184945
   3        -0.000004215         0.000059629         0.000073011
   4         0.000002577        -0.000044346         0.000025046
   5        -0.000001513        -0.021523157        -0.017930552
   6         0.000006022         0.002672373        -0.001680889
--
 RSPT2 GRADIENT FOR STATE 1.1

 Atom          dE/dx               dE/dy               dE/dz

   1        -0.000007148         0.024263595         0.016213309
   2         0.000004816        -0.000080567         0.000025944
   3        -0.000004221         0.000052567         0.000037268
   4         0.000002586        -0.000061721         0.000010757
   5        -0.000001514        -0.021507849        -0.017944607
   6         0.000005480        -0.002666024         0.001657329
--
 RSPT2 GRADIENT FOR STATE 1.1

 Atom          dE/dx               dE/dy               dE/dz

   1        -0.000007231         0.022962305         0.016583396
   2         0.000004804         0.000241313        -0.000108066
   3        -0.000004222         0.000053162         0.000081793
   4         0.000002590        -0.000058598        -0.000021959
   5        -0.000001515        -0.021545258        -0.017936568
   6         0.000005575        -0.001652925         0.001401404
--
 RSPT2 GRADIENT FOR STATE 1.1

 Atom          dE/dx               dE/dy               dE/dz

   1        -0.000007584         0.020073881         0.019382602
   2         0.000004802        -0.000284320        -0.000053099
   3        -0.000004214         0.000058949         0.000028728
   4         0.000002573        -0.000047404         0.000057276
   5        -0.000001512        -0.021485947        -0.017938641
   6         0.000005933         0.001684841        -0.001476865
