 RSPT2 GRADIENT FOR STATE 1.1

 Atom          dE/dx               dE/dy               dE/dz

   1         0.000000089         0.057860660         0.069203211
   2        -0.000000187         0.000397594        -0.028335089
   3         0.000000088         0.002720783         0.000798689
   4         0.000000042        -0.002164939         0.000962726
   5         0.000000003        -0.059995210        -0.040586470
   6        -0.000000036         0.001181113        -0.002043068
--
 RSPT2 GRADIENT FOR STATE 1.1

 Atom          dE/dx               dE/dy               dE/dz

   1         0.000000145         0.057477053         0.050122938
   2        -0.000000166         0.000348486        -0.005711138
   3        -0.000000077         0.000563558         0.000817431
   4         0.000000198         0.000017693         0.000670857
   5        -0.000000229        -0.057610211        -0.044411878
   6         0.000000128        -0.000796580        -0.001488211
--
 RSPT2 GRADIENT FOR STATE 1.1

 Atom          dE/dx               dE/dy               dE/dz

   1        -0.000000124         0.061578316         0.047109769
   2        -0.000000189        -0.000899053        -0.008372567
   3         0.000000459         0.000788835         0.000292867
   4        -0.000000347        -0.000581606         0.000572856
   5         0.000000594        -0.061370720        -0.039396206
   6        -0.000000394         0.000484227        -0.000206718
--
 RSPT2 GRADIENT FOR STATE 1.1

 Atom          dE/dx               dE/dy               dE/dz

   1         0.000001278         0.060314084         0.042180634
   2        -0.000000101        -0.000138448        -0.000968314
   3        -0.000001954         0.000095879         0.000113892
   4         0.000002072         0.000019754         0.000113371
   5        -0.000003211        -0.060204397        -0.041432836
   6         0.000001917        -0.000086871        -0.000006746
--
 RSPT2 GRADIENT FOR STATE 1.1

 Atom          dE/dx               dE/dy               dE/dz

   1        -0.000010222         0.060245601         0.041451459
   2        -0.000000452        -0.000023142        -0.000046179
   3         0.000016885         0.000010218         0.000013690
   4        -0.000016955         0.000011456         0.000012729
   5         0.000026904        -0.060224093        -0.041448960
   6        -0.000016161        -0.000020040         0.000017260
--
 RSPT2 GRADIENT FOR STATE 1.1

 Atom          dE/dx               dE/dy               dE/dz

   1         0.000000682         0.060224931         0.041431202
   2        -0.000000115        -0.000004504         0.000005398
   3        -0.000000998         0.000006031         0.000002463
   4         0.000001105         0.000004697         0.000001372
   5        -0.000001679        -0.060222012        -0.041454775
   6         0.000001005        -0.000009143         0.000014341
--
 RSPT2 GRADIENT FOR STATE 1.1

 Atom          dE/dx               dE/dy               dE/dz

   1        -0.000005111         0.068439773         0.043622562
   2        -0.000000241         0.000334411         0.001495940
   3         0.000006192        -0.007884511        -0.005034093
   4        -0.000006248         0.008656168        -0.004182674
   5         0.000012120        -0.060773314        -0.041900104
   6        -0.000006711        -0.008772527         0.005998368
--
 RSPT2 GRADIENT FOR STATE 1.1

 Atom          dE/dx               dE/dy               dE/dz

   1         0.000032453         0.064798698         0.039988025
   2         0.000001502        -0.000728989         0.000079665
   3        -0.000049284        -0.001707598        -0.001268152
   4         0.000049715         0.001657181        -0.000845008
   5        -0.000082535        -0.062468079        -0.039455566
   6         0.000048148        -0.001551213         0.001501036
--
 RSPT2 GRADIENT FOR STATE 1.1

 Atom          dE/dx               dE/dy               dE/dz

   1        -0.000121733         0.058834449         0.044570583
   2        -0.000002374         0.000830040         0.000785029
   3         0.000214024        -0.000248471         0.000030880
   4        -0.000218361         0.000408672        -0.000203883
   5         0.000340758        -0.058854249        -0.044486244
   6        -0.000212314        -0.000970441        -0.000696365
--
 RSPT2 GRADIENT FOR STATE 1.1

 Atom          dE/dx               dE/dy               dE/dz

   1         0.000319431         0.060961189         0.041821255
   2         0.000010882         0.000044739         0.000066195
   3        -0.000493359         0.000023637         0.000031835
   4         0.000493600        -0.000015680        -0.000015757
   5        -0.000797742        -0.060945213        -0.041804341
   6         0.000467188        -0.000068672        -0.000099187
--
 RSPT2 GRADIENT FOR STATE 1.1

 Atom          dE/dx               dE/dy               dE/dz

   1        -0.000012506         0.061216803         0.041589393
   2        -0.000000384        -0.000022365         0.000030902
   3         0.000015918        -0.000026792        -0.000012602
   4        -0.000015484         0.000030559        -0.000040713
   5         0.000026639        -0.061122129        -0.041574979
   6        -0.000014183        -0.000076077         0.000007998
--
 RSPT2 GRADIENT FOR STATE 1.1

 Atom          dE/dx               dE/dy               dE/dz

   1         0.000761228         0.061095479         0.041611697
   2        -0.000277720         0.000008399         0.000006059
   3         0.000073186         0.000004590         0.000009132
   4        -0.000007120        -0.000009301        -0.000004473
   5        -0.000300449        -0.061105222        -0.041612134
   6        -0.000249125         0.000006055        -0.000010282
--
 RSPT2 GRADIENT FOR STATE 1.1

 Atom          dE/dx               dE/dy               dE/dz

   1        -0.000760451         0.061095495         0.041611702
   2         0.000277603         0.000008398         0.000006053
   3        -0.000073509         0.000004590         0.000009131
   4         0.000007436        -0.000009301        -0.000004471
   5         0.000299649        -0.061105228        -0.041612137
   6         0.000249272         0.000006047        -0.000010278
--
 RSPT2 GRADIENT FOR STATE 1.1

 Atom          dE/dx               dE/dy               dE/dz

   1         0.000000379         0.064455614         0.038937831
   2        -0.000000057        -0.000943714         0.000695701
   3        -0.000000161         0.000039395        -0.000254301
   4         0.000000157         0.000007683         0.000274480
   5        -0.000000397        -0.060878738        -0.041153319
   6         0.000000078        -0.002680240         0.001499607
--
 RSPT2 GRADIENT FOR STATE 1.1

 Atom          dE/dx               dE/dy               dE/dz

   1         0.000000396         0.057803226         0.044222991
   2        -0.000000059         0.000955007        -0.000680309
   3        -0.000000163        -0.000029643         0.000271845
   4         0.000000159        -0.000025921        -0.000284028
   5        -0.000000403        -0.061330542        -0.042074082
   6         0.000000070         0.002627874        -0.001456418
--
 RSPT2 GRADIENT FOR STATE 1.1

 Atom          dE/dx               dE/dy               dE/dz

   1         0.000000386         0.058464280         0.049202418
   2        -0.000000055         0.000500166        -0.005787963
   3        -0.000000162         0.000032931        -0.000153200
   4         0.000000159        -0.000043065        -0.000117910
   5        -0.000000399        -0.060633403        -0.041635363
   6         0.000000071         0.001679092        -0.001507982
--
 RSPT2 GRADIENT FOR STATE 1.1

 Atom          dE/dx               dE/dy               dE/dz

   1         0.000000390         0.063749339         0.034201257
   2        -0.000000061        -0.000461595         0.005606914
   3        -0.000000162        -0.000023884         0.000169234
   4         0.000000157         0.000024564         0.000107924
   5        -0.000000401        -0.061579058        -0.041585028
   6         0.000000077        -0.001709367         0.001499698
--
 RSPT2 GRADIENT FOR STATE 1.1

 Atom          dE/dx               dE/dy               dE/dz

   1        -0.000277263         0.061103823         0.041608597
   2         0.000844863         0.000008677        -0.000002622
   3        -0.000291746         0.000009574         0.000013162
   4        -0.000295061        -0.000015100        -0.000000745
   5         0.000004053        -0.061106659        -0.041612681
   6         0.000015154        -0.000000316        -0.000005710
--
 RSPT2 GRADIENT FOR STATE 1.1

 Atom          dE/dx               dE/dy               dE/dz

   1         0.000278041         0.061103821         0.041608590
   2        -0.000844980         0.000008720        -0.000002613
   3         0.000291422         0.000009555         0.000013149
   4         0.000295377        -0.000015121        -0.000000736
   5        -0.000004853        -0.061106659        -0.041612682
   6        -0.000015007        -0.000000316        -0.000005708
--
 RSPT2 GRADIENT FOR STATE 1.1

 Atom          dE/dx               dE/dy               dE/dz

   1         0.000000389         0.060156286         0.042084639
   2        -0.000000080         0.006462959        -0.000385356
   3        -0.000000152        -0.002557933        -0.001385991
   4         0.000000169        -0.002993416         0.001167574
   5        -0.000000400        -0.061119743        -0.041734030
   6         0.000000073         0.000051848         0.000253163
--
 RSPT2 GRADIENT FOR STATE 1.1

 Atom          dE/dx               dE/dy               dE/dz

   1         0.000000387         0.062055016         0.041123201
   2        -0.000000036        -0.006477809         0.000506421
   3        -0.000000172         0.002516981         0.001352069
   4         0.000000146         0.003050207        -0.001227157
   5        -0.000000400        -0.061092756        -0.041490643
   6         0.000000074        -0.000051640        -0.000263890
--
 RSPT2 GRADIENT FOR STATE 1.1

 Atom          dE/dx               dE/dy               dE/dz

   1         0.000000391         0.061778298         0.036007514
   2        -0.000000062        -0.000418347         0.008338654
   3        -0.000000155        -0.001375136        -0.001478510
   4         0.000000152         0.001240170        -0.001117631
   5        -0.000000399        -0.061139078        -0.041691387
   6         0.000000074        -0.000085906        -0.000058640
--
 RSPT2 GRADIENT FOR STATE 1.1

 Atom          dE/dx               dE/dy               dE/dz

   1         0.000000385         0.060401916         0.047402359
   2        -0.000000053         0.000473561        -0.008519609
   3        -0.000000169         0.001353809         0.001488678
   4         0.000000164        -0.001243442         0.001112284
   5        -0.000000400        -0.061072610        -0.041532155
   6         0.000000074         0.000086766         0.000048443
--
 RSPT2 GRADIENT FOR STATE 1.1

 Atom          dE/dx               dE/dy               dE/dz

   1         0.000073713         0.061102686         0.041616243
   2        -0.000291649         0.000002084        -0.000006908
   3         0.000183114         0.000011066         0.000013624
   4         0.000030618        -0.000009350        -0.000004099
   5         0.000061937        -0.061106565        -0.041612721
   6        -0.000057732         0.000000079        -0.000006139
--
 RSPT2 GRADIENT FOR STATE 1.1

 Atom          dE/dx               dE/dy               dE/dz

   1        -0.000072937         0.061102685         0.041616242
   2         0.000291534         0.000002064        -0.000006920
   3        -0.000183438         0.000011087         0.000013637
   4        -0.000030302        -0.000009351        -0.000004099
   5        -0.000062737        -0.061106564        -0.041612720
   6         0.000057880         0.000000079        -0.000006139
--
 RSPT2 GRADIENT FOR STATE 1.1

 Atom          dE/dx               dE/dy               dE/dz

   1         0.000000388         0.061136682         0.041643262
   2        -0.000000048        -0.002504173        -0.001341238
   3        -0.000000172         0.002599013         0.001476651
   4         0.000000158        -0.000147941        -0.000167882
   5        -0.000000400        -0.061092356        -0.041605474
   6         0.000000073         0.000008775        -0.000005319
--
 RSPT2 GRADIENT FOR STATE 1.1

 Atom          dE/dx               dE/dy               dE/dz

   1         0.000000388         0.061067653         0.041586441
   2        -0.000000068         0.002570754         0.001388056
   3        -0.000000151        -0.002639844        -0.001507833
   4         0.000000157         0.000130985         0.000160526
   5        -0.000000400        -0.061121004        -0.041620315
   6         0.000000074        -0.000008543        -0.000006876
--
 RSPT2 GRADIENT FOR STATE 1.1

 Atom          dE/dx               dE/dy               dE/dz

   1         0.000000388         0.060840830         0.041455321
   2        -0.000000051        -0.001345893        -0.001482095
   3        -0.000000169         0.001481967         0.001557614
   4         0.000000157         0.000113313         0.000088117
   5        -0.000000400        -0.061101080        -0.041629883
   6         0.000000074         0.000010862         0.000010926
--
 RSPT2 GRADIENT FOR STATE 1.1

 Atom          dE/dx               dE/dy               dE/dz

   1         0.000000387         0.061366989         0.041777755
   2        -0.000000065         0.001391761         0.001485129
   3        -0.000000155        -0.001502156        -0.001547045
   4         0.000000158        -0.000133551        -0.000096907
   5        -0.000000400        -0.061112221        -0.041595603
   6         0.000000074        -0.000010822        -0.000023329
--
 RSPT2 GRADIENT FOR STATE 1.1

 Atom          dE/dx               dE/dy               dE/dz

   1        -0.000006892         0.061102750         0.041616222
   2        -0.000295283         0.000015787        -0.000006042
   3         0.000030292         0.000004665         0.000009107
   4         0.000199372        -0.000016588        -0.000000442
   5        -0.000039454        -0.061106659        -0.041612806
   6         0.000111965         0.000000045        -0.000006038
--
 RSPT2 GRADIENT FOR STATE 1.1

 Atom          dE/dx               dE/dy               dE/dz

   1         0.000007668         0.061102752         0.041616221
   2         0.000295167         0.000015764        -0.000006031
   3        -0.000030615         0.000004664         0.000009108
   4        -0.000199056        -0.000016565        -0.000000452
   5         0.000038654        -0.061106660        -0.041612807
   6        -0.000111818         0.000000045        -0.000006039
--
 RSPT2 GRADIENT FOR STATE 1.1

 Atom          dE/dx               dE/dy               dE/dz

   1         0.000000388         0.061120511         0.041581288
   2        -0.000000047        -0.003050083         0.001265133
   3        -0.000000161        -0.000135492         0.000132763
   4         0.000000146         0.003153336        -0.001342738
   5        -0.000000400        -0.061102816        -0.041624121
   6         0.000000074         0.000014543        -0.000012325
--
 RSPT2 GRADIENT FOR STATE 1.1

 Atom          dE/dx               dE/dy               dE/dz

   1         0.000000388         0.061086907         0.041648923
   2        -0.000000068         0.002993546        -0.001219032
   3        -0.000000162         0.000143432        -0.000114105
   4         0.000000169        -0.003098789         0.001285972
   5        -0.000000400        -0.061110682        -0.041601521
   6         0.000000073        -0.000014413        -0.000000237
--
 RSPT2 GRADIENT FOR STATE 1.1

 Atom          dE/dx               dE/dy               dE/dz

   1         0.000000387         0.061381160         0.041503486
   2        -0.000000063         0.001198035        -0.001118769
   3        -0.000000161        -0.000158910         0.000101502
   4         0.000000163        -0.001315496         0.001169964
   5        -0.000000400        -0.061102763        -0.041605132
   6         0.000000074        -0.000002025        -0.000051052
--
 RSPT2 GRADIENT FOR STATE 1.1

 Atom          dE/dx               dE/dy               dE/dz

   1         0.000000389         0.060822645         0.041729319
   2        -0.000000053        -0.001196091         0.001111176
   3        -0.000000162         0.000169490        -0.000083522
   4         0.000000153         0.001312657        -0.001175483
   5        -0.000000400        -0.061110693        -0.041620594
   6         0.000000074         0.000001991         0.000039103
--
 RSPT2 GRADIENT FOR STATE 1.1

 Atom          dE/dx               dE/dy               dE/dz

   1        -0.000299658         0.061101753         0.041615272
   2         0.000004402         0.000008573        -0.000002059
   3         0.000062168         0.000004724         0.000009092
   4        -0.000038901        -0.000009450        -0.000004057
   5         0.000275505        -0.061105701        -0.041612181
   6        -0.000003516         0.000000100        -0.000006067
--
 RSPT2 GRADIENT FOR STATE 1.1

 Atom          dE/dx               dE/dy               dE/dz

   1         0.000300434         0.061101748         0.041615269
   2        -0.000004518         0.000008574        -0.000002060
   3        -0.000062492         0.000004723         0.000009091
   4         0.000039216        -0.000009449        -0.000004057
   5        -0.000276304        -0.061105695        -0.041612177
   6         0.000003663         0.000000100        -0.000006066
--
 RSPT2 GRADIENT FOR STATE 1.1

 Atom          dE/dx               dE/dy               dE/dz

   1         0.000000391         0.061327068         0.042089688
   2        -0.000000058        -0.000004934        -0.000035098
   3        -0.000000163         0.000019142         0.000014717
   4         0.000000158        -0.000005499        -0.000000114
   5        -0.000000403        -0.061270250        -0.041967515
   6         0.000000074        -0.000065527        -0.000101678
--
 RSPT2 GRADIENT FOR STATE 1.1

 Atom          dE/dx               dE/dy               dE/dz

   1         0.000000385         0.060875267         0.041144031
   2        -0.000000058         0.000022053         0.000031353
   3        -0.000000161        -0.000009505         0.000003575
   4         0.000000157        -0.000013366        -0.000008044
   5        -0.000000397        -0.060939130        -0.041259323
   6         0.000000074         0.000064681         0.000088409
--
 RSPT2 GRADIENT FOR STATE 1.1

 Atom          dE/dx               dE/dy               dE/dz

   1         0.000000390         0.061563373         0.041588820
   2        -0.000000058        -0.000113798        -0.000081809
   3        -0.000000162         0.000012201        -0.000008127
   4         0.000000158        -0.000020804         0.000003644
   5        -0.000000402        -0.061460533        -0.041511829
   6         0.000000074         0.000019561         0.000009301
--
 RSPT2 GRADIENT FOR STATE 1.1

 Atom          dE/dx               dE/dy               dE/dz

   1         0.000000386         0.060642607         0.041639156
   2        -0.000000058         0.000129589         0.000077415
   3        -0.000000161        -0.000002640         0.000026152
   4         0.000000158         0.000001796        -0.000011819
   5        -0.000000398        -0.060752345        -0.041709606
   6         0.000000074        -0.000019008        -0.000021298
--
 RSPT2 GRADIENT FOR STATE 1.1

 Atom          dE/dx               dE/dy               dE/dz

   1        -0.000248808         0.061095763         0.041621581
   2         0.000015029         0.000008655        -0.000002779
   3        -0.000057980         0.000004741         0.000009096
   4         0.000112045        -0.000009395        -0.000004137
   5        -0.000003985        -0.061106553        -0.041612887
   6         0.000183700         0.000006789        -0.000010874
--
 RSPT2 GRADIENT FOR STATE 1.1

 Atom          dE/dx               dE/dy               dE/dz

   1         0.000249584         0.061095755         0.041621587
   2        -0.000015144         0.000008656        -0.000002779
   3         0.000057656         0.000004741         0.000009096
   4        -0.000111729        -0.000009396        -0.000004137
   5         0.000003185        -0.061106553        -0.041612888
   6        -0.000183552         0.000006797        -0.000010880
--
 RSPT2 GRADIENT FOR STATE 1.1

 Atom          dE/dx               dE/dy               dE/dz

   1         0.000000392         0.058474499         0.043283074
   2        -0.000000058         0.000059481        -0.000087644
   3        -0.000000162         0.000013492         0.000019933
   4         0.000000158         0.000005049        -0.000005975
   5        -0.000000400        -0.061171387        -0.041593496
   6         0.000000070         0.002618866        -0.001615892
--
 RSPT2 GRADIENT FOR STATE 1.1

 Atom          dE/dx               dE/dy               dE/dz

   1         0.000000384         0.063782628         0.039894208
   2        -0.000000058        -0.000044003         0.000085023
   3        -0.000000162        -0.000003826        -0.000001751
   4         0.000000158        -0.000023907        -0.000001958
   5        -0.000000400        -0.061041180        -0.041632065
   6         0.000000078        -0.002669712         0.001656543
--
 RSPT2 GRADIENT FOR STATE 1.1

 Atom          dE/dx               dE/dy               dE/dz

   1         0.000000386         0.062595014         0.040110173
   2        -0.000000059         0.000268064        -0.000056084
   3        -0.000000162         0.000005583         0.000026310
   4         0.000000158        -0.000015429        -0.000049335
   5        -0.000000400        -0.061201864        -0.041597581
   6         0.000000077        -0.001651368         0.001566517
--
 RSPT2 GRADIENT FOR STATE 1.1

 Atom          dE/dx               dE/dy               dE/dz

   1         0.000000390         0.059639434         0.043117863
   2        -0.000000057        -0.000249001         0.000050997
   3        -0.000000162         0.000004026        -0.000007944
   4         0.000000158        -0.000003343         0.000040820
   5        -0.000000400        -0.061011781        -0.041628180
   6         0.000000071         0.001620665        -0.001573556
